remote-sensing inversion	DierssenImage
6	6
Comments: 
02/13/17	18:33:52
ImageHeader	debug\gail_15bands_7cm_jun222016_utmz33_reg_clip_new_badpixsmsk_bil_quac_spatialsubset20cm.hdr
ImageData	debug\gail_15bands_7cm_jun222016_utmz33_reg_clip_new_badpixsmsk_bil_quac_spatialsubset20cm.dat
Transect	debug\BathymetryImageDierssen_gail_15bands_7cm_jun222016_utmz33_reg_clip_new_badpixsmsk_bil_quac_spatialsubset20cm.txt
Params	Default
X	Y	RRS555	RRS670	Depth	T	
5	5	0	0	-1.#IND	27554.6	
55	5	0	0	-1.#IND	6451.06	
105	5	0	0	-1.#IND	0.334511	
155	5	0	0	-1.#IND	0.342874	
205	5	0	0	-1.#IND	0.202227	
255	5	0	0	-1.#IND	0.200327	
305	5	0	0	-1.#IND	0.256585	
355	5	0	0	-1.#IND	0.204888	
405	5	0	0	-1.#IND	0.218573	
455	5	1481	2880	0.127329	0.295738	
505	5	1286	2693	0.115313	0.208309	
555	5	1478	2614	0.144329	0.208689	
605	5	1690	3056	0.140185	0.20907	
655	5	1284	2482	0.128347	0.275972	
705	5	1516	3050	0.121682	0.208309	
755	5	1387	2823	0.119808	0.208689	
805	5	1357	2757	0.120096	0.409776	
855	5	1845	3442	0.134535	0.215532	
905	5	1766	3395	0.129288	0.212111	
955	5	1350	2710	0.122044	0.205268	
1005	5	1365	2576	0.132501	0.33033	
1055	5	677	825	0.231778	0.207929	
1105	5	1168	2297	0.125437	0.208309	
1155	5	666	1108	0.156318	0.226175	
1205	5	1396	2606	0.134422	0.20983	
1255	5	1178	1520	0.215931	0.380887	
1305	5	1388	2267	0.160096	0.29992	
1355	5	2631	3620	0.199259	0.212111	
1405	5	1783	2837	0.165594	0.318546	
1455	5	4666	4597	0.299785	0.208309	
1505	5	1475	2492	0.153219	0.370243	
1555	5	0	0	-1.#IND	0.202988	
1605	5	0	0	-1.#IND	0.291177	
1655	5	0	0	-1.#IND	0.201467	
1705	5	0	0	-1.#IND	0.229977	
1755	5	0	0	-1.#IND	0.200707	
1805	5	0	0	-1.#IND	0.261907	
1855	5	0	0	-1.#IND	0.201087	
5	55	0	0	-1.#IND	0.206029	
55	55	0	0	-1.#IND	0.203748	
105	55	0	0	-1.#IND	0.278253	
155	55	0	0	-1.#IND	0.226175	
205	55	0	0	-1.#IND	0.205268	
255	55	0	0	-1.#IND	0.201087	
305	55	1806	2617	0.186634	0.283194	
355	55	1398	2817	0.121428	0.237199	
405	55	1473	2787	0.132049	0.21097	
455	55	1491	2701	0.139854	0.206789	
505	55	1436	2715	0.132177	0.268749	
555	55	1363	2627	0.128848	0.236059	
605	55	1375	2735	0.123549	0.21097	
655	55	1438	2745	0.130506	0.21059	
705	55	1458	3057	0.115119	0.217432	
755	55	1607	3112	0.128038	0.257346	
805	55	1378	2941	0.112397	0.212111	
855	55	1561	2792	0.142217	0.213631	
905	55	1468	2724	0.135493	0.336032	
955	55	707	1317	0.1348	0.21173	
1005	55	1974	3483	0.144777	0.208689	
1055	55	1568	2718	0.148176	0.237579	
1105	55	1319	2246	0.151661	0.267609	
1155	55	2701	4329	0.16405	0.215912	
1205	55	1909	3293	0.149123	0.207549	
1255	55	1438	2400	0.155671	0.206789	
1305	55	1936	2927	0.176815	0.262287	
1355	55	3705	3545	0.310354	0.231117	
1405	55	2591	3758	0.186414	0.214011	
1455	55	2125	2673	0.222868	0.214011	
1505	55	1839	1744	0.31363	0.369863	
1555	55	0	0	-1.#IND	0.33071	
1605	55	0	0	-1.#IND	0.328429	
1655	55	0	0	-1.#IND	0.33109	
1705	55	0	0	-1.#IND	0.372524	
1755	55	0	0	-1.#IND	0.203368	
1805	55	0	0	-1.#IND	0.205648	
1855	55	0	0	-1.#IND	0.201467	
5	105	0	0	-1.#IND	0.261147	
55	105	0	0	-1.#IND	0.234158	
105	105	0	0	-1.#IND	0.208689	
155	105	0	0	-1.#IND	0.200707	
205	105	0	0	-1.#IND	0.262287	
255	105	1361	2500	0.137317	0.342494	
305	105	1247	2310	0.135797	0.217052	
355	105	1291	2619	0.120336	0.217052	
405	105	1195	2491	0.116026	0.27103	
455	105	1470	2622	0.142732	0.242521	
505	105	1335	2649	0.12395	0.244421	
555	105	1505	3037	0.121193	0.207929	
605	105	1415	2780	0.125603	0.26989	
655	105	1629	2914	0.142193	0.212491	
705	105	1612	2704	0.154655	0.21097	
755	105	1562	3078	0.125103	0.207549	
805	105	1428	2769	0.127815	0.26913	
855	105	1744	3411	0.126358	0.23948	
905	105	1982	2953	0.18015	0.21135	
955	105	1894	3074	0.161407	0.21059	
1005	105	1172	1838	0.16871	0.395712	
1055	105	1287	2622	0.119653	0.358459	
1105	105	1042	2270	0.10932	0.352377	
1155	105	941	1722	0.138002	0.397992	
1205	105	0	0	-1.#IND	0.350477	
1255	105	0	0	-1.#IND	0.350477	
1305	105	2514	3293	0.211924	0.396472	
1355	105	2614	3459	0.209249	0.357699	
1405	105	2225	3020	0.202696	0.356939	
1455	105	2054	1293	0.499687	0.394191	
1505	105	0	0	-1.#IND	0.238339	
1555	105	0	0	-1.#IND	0.206409	
1605	105	0	0	-1.#IND	0.274451	
1655	105	0	0	-1.#IND	0.212491	
1705	105	0	0	-1.#IND	0.205268	
1755	105	0	0	-1.#IND	0.244041	
1805	105	0	0	-1.#IND	0.217052	
1855	105	0	0	-1.#IND	0.202988	
5	155	0	0	-1.#IND	0.308663	
55	155	0	0	-1.#IND	0.208309	
105	155	0	0	-1.#IND	0.217432	
155	155	0	0	-1.#IND	0.255825	
205	155	0	0	-1.#IND	0.230737	
255	155	1243	2604	0.115251	0.229216	
305	155	1385	2704	0.12666	0.228836	
355	155	1429	2943	0.117926	0.212491	
405	155	1285	2638	0.118433	0.222374	
455	155	1434	2649	0.136298	0.217432	
505	155	1560	2776	0.143173	0.233398	
555	155	1323	2862	0.110364	0.217052	
605	155	1559	3159	0.120524	0.27103	
655	155	1566	3133	0.122597	0.207549	
705	155	1664	3270	0.125562	0.21097	
755	155	1846	3391	0.137311	0.27103	
805	155	1264	2353	0.13492	0.21097	
855	155	1947	3655	0.13343	0.206789	
905	155	732	1034	0.19276	0.266849	
955	155	1817	2901	0.164866	0.207929	
1005	155	1350	2041	0.17682	0.21173	
1055	155	1327	2130	0.163735	0.26989	
1105	155	2322	3439	0.181524	0.21173	
1155	155	0	0	-1.#IND	0.207169	
1205	155	2327	3105	0.207078	0.265708	
1255	155	0	0	-1.#IND	0.202227	
1305	155	2382	2988	0.223633	0.212491	
1355	155	1961	1523	0.395301	0.267989	
1405	155	0	0	-1.#IND	0.228456	
1455	155	0	0	-1.#IND	0.228456	
1505	155	0	0	-1.#IND	0.258866	
1555	155	0	0	-1.#IND	0.214771	
1605	155	0	0	-1.#IND	0.205648	
1655	155	0	0	-1.#IND	0.265328	
1705	155	0	0	-1.#IND	0.217052	
1755	155	0	0	-1.#IND	0.201467	
1805	155	0	0	-1.#IND	0.255065	
1855	155	0	0	-1.#IND	0.216292	
5	205	0	0	-1.#IND	0.236819	
55	205	0	0	-1.#IND	0.341354	
105	205	0	0	-1.#IND	0.204888	
155	205	0	0	-1.#IND	0.306002	
205	205	0	0	-1.#IND	0.265708	
255	205	1593	3013	0.132109	0.219333	
305	205	1488	3046	0.118889	0.214391	
355	205	1404	2609	0.135236	0.268749	
405	205	1555	2912	0.133862	0.212111	
455	205	1454	2700	0.135362	0.206789	
505	205	1513	2741	0.139844	0.27027	
555	205	1455	2724	0.133909	0.213251	
605	205	1263	2783	0.107643	0.20945	
655	205	1443	2983	0.117334	0.395712	
705	205	1444	2812	0.127091	0.212491	
755	205	1564	2787	0.142911	0.232257	
805	205	1814	3064	0.153267	0.260007	
855	205	966	1700	0.145273	0.227316	
905	205	1261	2019	0.164265	0.21097	
955	205	1946	3253	0.155351	0.268749	
1005	205	3586	3939	0.263119	0.214391	
1055	205	3409	3618	0.27427	0.207929	
1105	205	2342	3242	0.197741	0.26989	
1155	205	2421	2894	0.237334	0.208309	
1205	205	2445	3141	0.217115	0.21135	
1255	205	2180	1699	0.393735	0.268369	
1305	205	0	0	-1.#IND	0.207169	
1355	205	0	0	-1.#IND	0.226175	
1405	205	0	0	-1.#IND	0.256205	
1455	205	0	0	-1.#IND	0.205648	
1505	205	0	0	-1.#IND	0.208689	
1555	205	0	0	-1.#IND	0.262287	
1605	205	0	0	-1.#IND	0.217432	
1655	205	0	0	-1.#IND	0.201467	
1705	205	0	0	-1.#IND	0.261147	
1755	205	0	0	-1.#IND	0.203368	
1805	205	0	0	-1.#IND	0.205648	
1855	205	0	0	-1.#IND	0.261147	
5	255	0	0	-1.#IND	0.227696	
55	255	0	0	-1.#IND	0.200327	
105	255	0	0	-1.#IND	0.205648	
155	255	0	0	-1.#IND	0.252404	
205	255	0	0	-1.#IND	0.374425	
255	255	597	863	0.187207	0.207929	
305	255	1651	3424	0.116826	0.258866	
355	255	1474	2900	0.125367	0.260387	
405	255	1551	3056	0.12512	0.20907	
455	255	1629	2978	0.138186	0.264188	
505	255	1537	2675	0.147399	0.218193	
555	255	1348	2914	0.11047	0.207549	
605	255	1122	1955	0.147176	0.230357	
655	255	1392	3085	0.106803	0.207549	
705	255	1675	3571	0.112561	0.284335	
755	255	722	1200	0.156515	0.27141	
805	255	660	1025	0.170838	0.21135	
855	255	1574	3150	0.122545	0.214011	
905	255	2157	3143	0.185325	0.231117	
955	255	4634	4467	0.307635	0.208689	
1005	255	2313	3136	0.202975	0.21135	
1055	255	1906	2853	0.179085	0.215912	
1105	255	1388	1593	0.24946	0.224275	
1155	255	0	0	-1.#IND	0.20983	
1205	255	0	0	-1.#IND	0.263048	
1255	255	0	0	-1.#IND	0.217052	
1305	255	0	0	-1.#IND	0.205648	
1355	255	0	0	-1.#IND	0.264948	
1405	255	0	0	-1.#IND	0.217052	
1455	255	0	0	-1.#IND	0.208689	
1505	255	0	0	-1.#IND	0.374045	
1555	255	0	0	-1.#IND	0.333751	
1605	255	0	0	-1.#IND	0.332611	
1655	255	0	0	-1.#IND	0.260007	
1705	255	0	0	-1.#IND	0.218573	
1755	255	0	0	-1.#IND	0.214771	
1805	255	0	0	-1.#IND	0.261147	
1855	255	0	0	-1.#IND	0.206029	
5	305	0	0	-1.#IND	0.200707	
55	305	0	0	-1.#IND	0.264948	
105	305	0	0	-1.#IND	0.206029	
155	305	0	0	-1.#IND	0.232257	
205	305	1186	1411	0.238721	0.261907	
255	305	1970	3165	0.163542	0.21097	
305	305	951	1908	0.122134	0.206409	
355	305	569	870	0.174287	0.268749	
405	305	591	954	0.162546	0.214011	
455	305	1553	3210	0.117353	0.21097	
505	305	1574	3179	0.121052	0.312084	
555	305	1116	1969	0.144787	0.212491	
605	305	1633	2903	0.143361	0.207929	
655	305	940	1766	0.133291	0.26913	
705	305	2252	3321	0.182522	0.295738	
755	305	1179	2347	0.123418	0.265328	
805	305	2046	3222	0.167812	0.32957	
855	305	5007	4524	0.331978	0.214771	
905	305	2651	3721	0.194313	0.217052	
955	305	2525	3291	0.213243	0.229977	
1005	305	0	0	-1.#IND	0.223134	
1055	305	0	0	-1.#IND	0.201847	
1105	305	0	0	-1.#IND	0.257346	
1155	305	0	0	-1.#IND	0.231877	
1205	305	0	0	-1.#IND	0.225035	
1255	305	0	0	-1.#IND	0.258486	
1305	305	2289	1540	0.464429	0.220093	
1355	305	0	0	-1.#IND	0.201847	
1405	305	0	0	-1.#IND	0.256966	
1455	305	0	0	-1.#IND	0.223895	
1505	305	0	0	-1.#IND	0.227316	
1555	305	0	0	-1.#IND	0.255825	
1605	305	0	0	-1.#IND	0.207549	
1655	305	0	0	-1.#IND	0.201847	
1705	305	0	0	-1.#IND	0.262667	
1755	305	0	0	-1.#IND	0.213631	
1805	305	0	0	-1.#IND	0.205268	
1855	305	0	0	-1.#IND	0.261147	
5	355	0	0	-1.#IND	0.233018	
55	355	0	0	-1.#IND	0.200707	
105	355	0	0	-1.#IND	0.204888	
155	355	0	0	-1.#IND	0.260767	
205	355	1783	2970	0.156066	0.243281	
255	355	1135	1848	0.160744	0.206409	
305	355	1277	3208	0.0899357	0.234158	
355	355	0	0	-1.#IND	0.201087	
405	355	0	0	-1.#IND	0.207549	
455	355	0	0	-1.#IND	0.260387	
505	355	0	0	-1.#IND	0.233778	
555	355	0	0	-1.#IND	0.205648	
605	355	1821	3330	0.138131	0.267989	
655	355	1401	2234	0.165134	0.218953	
705	355	2229	3106	0.196104	0.21135	
755	355	4823	4553	0.315325	0.265708	
805	355	2594	3399	0.21183	0.214771	
855	355	2905	3584	0.228277	0.20945	
905	355	0	0	-1.#IND	0.259626	
955	355	0	0	-1.#IND	0.214391	
1005	355	0	0	-1.#IND	0.233778	
1055	355	0	0	-1.#IND	0.366822	
1105	355	0	0	-1.#IND	0.335272	
1155	355	0	0	-1.#IND	0.304481	
1205	355	0	0	-1.#IND	0.35922	
1255	355	0	0	-1.#IND	0.231497	
1305	355	0	0	-1.#IND	0.212871	
1355	355	0	0	-1.#IND	0.231497	
1405	355	0	0	-1.#IND	0.205648	
1455	355	0	0	-1.#IND	0.212111	
1505	355	0	0	-1.#IND	0.260767	
1555	355	0	0	-1.#IND	0.20983	
1605	355	0	0	-1.#IND	0.201847	
1655	355	2441	3517	0.187992	0.238339	
1705	355	3048	3558	0.244345	0.207549	
1755	355	2838	3810	0.205504	0.216292	
1805	355	2975	4068	0.200819	0.20907	
1855	355	1818	3156	0.147891	0.226555	
5	405	0	0	-1.#IND	0.200707	
55	405	0	0	-1.#IND	0.205648	
105	405	0	0	-1.#IND	0.201087	
155	405	0	0	-1.#IND	0.200327	
205	405	766	1219	0.165561	0.206409	
255	405	893	2285	0.0876699	0.206789	
305	405	714	1616	0.103792	0.207169	
355	405	0	0	-1.#IND	0.200707	
405	405	0	0	-1.#IND	0.199947	
455	405	0	0	-1.#IND	0.200327	
505	405	0	0	-1.#IND	0.201847	
555	405	0	0	-1.#IND	0.228456	
605	405	2085	3334	0.16454	0.229977	
655	405	4983	4658	0.318999	0.206789	
705	405	2280	2901	0.219725	0.206409	
755	405	2493	3327	0.207039	0.206409	
805	405	3469	3639	0.278141	0.206029	
855	405	1839	1232	0.466619	0.346675	
905	405	0	0	-1.#IND	0.205648	
955	405	0	0	-1.#IND	0.205648	
1005	405	0	0	-1.#IND	0.204888	
1055	405	0	0	-1.#IND	0.201087	
1105	405	0	0	-1.#IND	0.201467	
1155	405	0	0	-1.#IND	0.200707	
1205	405	0	0	-1.#IND	0.200707	
1255	405	1855	1120	0.522922	0.208309	
1305	405	0	0	-1.#IND	0.224655	
1355	405	0	0	-1.#IND	0.257726	
1405	405	0	0	-1.#IND	0.282814	
1455	405	0	0	-1.#IND	0.203368	
1505	405	0	0	-1.#IND	0.203748	
1555	405	0	0	-1.#IND	0.20983	
1605	405	2592	3562	0.199564	0.238719	
1655	405	2801	3747	0.20642	0.208689	
1705	405	2712	4296	0.166546	0.207169	
1755	405	3050	4210	0.198455	0.207169	
1805	405	1302	2556	0.125733	0.213631	
1855	405	1677	2957	0.144902	0.227316	
5	455	0	0	-1.#IND	0.229216	
55	455	0	0	-1.#IND	0.202227	
105	455	0	0	-1.#IND	0.226175	
155	455	1728	2802	0.161599	0.243661	
205	455	768	1631	0.113151	0.20983	
255	455	639	1634	0.0877494	0.207169	
305	455	1188	2170	0.138337	0.206409	
355	455	660	969	0.183552	0.212491	
405	455	1065	2456	0.101172	0.225035	
455	455	1249	2985	0.0963416	0.206409	
505	455	0	0	-1.#IND	0.201087	
555	455	0	0	-1.#IND	0.200327	
605	455	2090	2895	0.197583	0.206789	
655	455	2355	3547	0.177674	0.206409	
705	455	1880	2421	0.216465	0.205648	
755	455	1912	2440	0.218917	0.206789	
805	455	2102	1458	0.448955	0.253544	
855	455	0	0	-1.#IND	0.372144	
905	455	0	0	-1.#IND	0.235678	
955	455	0	0	-1.#IND	0.200327	
1005	455	0	0	-1.#IND	0.201467	
1055	455	0	0	-1.#IND	0.201087	
1105	455	0	0	-1.#IND	0.200707	
1155	455	0	0	-1.#IND	0.200707	
1205	455	1537	1433	0.319982	0.206409	
1255	455	2020	1574	0.393822	0.21173	
1305	455	0	0	-1.#IND	0.205648	
1355	455	0	0	-1.#IND	0.201087	
1405	455	0	0	-1.#IND	0.201087	
1455	455	0	0	-1.#IND	0.201087	
1505	455	2625	3344	0.219396	0.206409	
1555	455	2217	3110	0.194457	0.325008	
1605	455	3189	4413	0.197825	0.238719	
1655	455	1306	2364	0.139999	0.207549	
1705	455	1316	2315	0.14535	0.206789	
1755	455	1179	2404	0.119517	0.21097	
1805	455	1550	2002	0.215663	0.220473	
1855	455	1324	2531	0.130259	0.208309	
5	505	0	0	-1.#IND	0.199947	
55	505	1017	1689	0.156672	0.205648	
105	505	1748	3149	0.140881	0.21059	
155	505	1741	2849	0.1597	0.205268	
205	505	1258	2191	0.147261	0.205268	
255	505	1293	2260	0.146576	0.207169	
305	505	1334	2645	0.124076	0.208309	
355	505	1470	3018	0.118422	0.222754	
405	505	2322	3327	0.18932	0.366822	
455	505	0	0	-1.#IND	0.207929	
505	505	0	0	-1.#IND	0.201467	
555	505	2466	3469	0.193771	0.207169	
605	505	2417	3253	0.204856	0.207169	
655	505	2178	2789	0.217986	0.206789	
705	505	0	0	-1.#IND	0.201087	
755	505	0	0	-1.#IND	0.199566	
805	505	0	0	-1.#IND	0.199947	
855	505	0	0	-1.#IND	0.200707	
905	505	0	0	-1.#IND	0.199947	
955	505	0	0	-1.#IND	0.199947	
1005	505	2154	1592	0.418124	0.207169	
1055	505	2119	1620	0.402436	0.206029	
1105	505	2158	1610	0.413718	0.214771	
1155	505	0	0	-1.#IND	0.224275	
1205	505	0	0	-1.#IND	0.219713	
1255	505	0	0	-1.#IND	0.201087	
1305	505	3349	4082	0.231717	0.207169	
1355	505	0	0	-1.#IND	0.200707	
1405	505	2689	3883	0.187459	0.212111	
1455	505	4175	4304	0.28401	0.208309	
1505	505	3393	4502	0.208541	0.206029	
1555	505	1622	2352	0.18647	0.205648	
1605	505	1223	2318	0.131746	0.205648	
1655	505	1286	2387	0.13544	0.205268	
1705	505	1357	2594	0.130264	0.205268	
1755	505	1365	2485	0.138947	0.204888	
1805	505	1501	1371	0.327788	0.307522	
1855	505	1398	2692	0.129004	0.233778	
5	555	1415	2474	0.146517	0.233778	
55	555	1097	1441	0.211176	0.208309	
105	555	1721	2535	0.182791	0.207929	
155	555	1358	2211	0.160753	0.23948	
205	555	1122	2019	0.141089	0.207929	
255	555	882	1514	0.15008	0.206409	
305	555	2538	3764	0.181211	0.21173	
355	555	5128	4828	0.31632	0.228836	
405	555	2353	3106	0.209891	0.21021	
455	555	2938	3843	0.212295	0.21135	
505	555	0	0	-1.#IND	0.222754	
555	555	0	0	-1.#IND	0.200707	
605	555	2230	1449	0.482613	0.21097	
655	555	2221	1326	0.529326	0.208309	
705	555	0	0	-1.#IND	0.224655	
755	555	0	0	-1.#IND	0.357319	
805	555	2381	1549	0.481968	0.20907	
855	555	2376	1593	0.466215	0.206789	
905	555	2351	1515	0.487036	0.20907	
955	555	0	0	-1.#IND	0.201467	
1005	555	2010	1428	0.437103	0.207549	
1055	555	0	0	-1.#IND	0.201087	
1105	555	0	0	-1.#IND	0.201087	
1155	555	0	0	-1.#IND	0.218953	
1205	555	0	0	-1.#IND	0.203368	
1255	555	0	0	-1.#IND	0.200707	
1305	555	2710	3494	0.216145	0.207169	
1355	555	5091	4723	0.321857	0.21021	
1405	555	2060	2873	0.195889	0.24062	
1455	555	2717	3742	0.199013	0.229977	
1505	555	1411	2570	0.138857	0.20907	
1555	555	1401	2449	0.146558	0.223514	
1605	555	1441	2683	0.134886	0.212491	
1655	555	1421	2579	0.139511	0.206409	
1705	555	1426	2574	0.140516	0.206029	
1755	555	1636	3126	0.130338	0.206409	
1805	555	1297	1681	0.21474	0.206409	
1855	555	1651	3243	0.125637	0.206409	
5	605	1853	2661	0.188781	0.206409	
55	605	883	1079	0.230992	0.33109	
105	605	1214	2060	0.152353	0.316265	
155	605	2222	3304	0.180607	0.208309	
205	605	2722	3732	0.200146	0.215532	
255	605	2176	2814	0.215334	0.250123	
305	605	2326	3089	0.208309	0.207929	
355	605	2711	4018	0.181359	0.21021	
405	605	3049	3388	0.259466	0.206789	
455	605	1990	2913	0.184247	0.218573	
505	605	2093	1346	0.488126	0.212871	
555	605	2175	1381	0.495004	0.206789	
605	605	2346	1406	0.527137	0.21021	
655	605	2450	1450	0.53435	0.212491	
705	605	2500	1450	0.546119	0.206029	
755	605	2323	1406	0.521536	0.206409	
805	605	2328	1466	0.499494	0.207549	
855	605	0	0	-1.#IND	0.20907	
905	605	0	0	-1.#IND	0.200327	
955	605	0	0	-1.#IND	0.2391	
1005	605	0	0	-1.#IND	0.231117	
1055	605	0	0	-1.#IND	0.203368	
1105	605	0	0	-1.#IND	0.201467	
1155	605	0	0	-1.#IND	0.201087	
1205	605	0	0	-1.#IND	0.201087	
1255	605	5085	4760	0.318474	0.206409	
1305	605	2306	3300	0.189616	0.206789	
1355	605	3274	4546	0.196983	0.20945	
1405	605	1453	2758	0.131488	0.206029	
1455	605	1441	2477	0.149807	0.207549	
1505	605	1345	2370	0.14503	0.205648	
1555	605	1426	2411	0.153072	0.206029	
1605	605	1638	2648	0.162236	0.205268	
1655	605	1518	2610	0.149759	0.249363	
1705	605	1511	2722	0.140884	0.234538	
1755	605	1182	2517	0.11274	0.230357	
1805	605	1493	2233	0.179269	0.207169	
1855	605	1466	3070	0.11531	0.206409	
5	655	1987	3590	0.140342	0.342494	
55	655	2450	4053	0.157468	0.21135	
105	655	2764	3548	0.217329	0.217432	
155	655	1989	2904	0.184855	0.20945	
205	655	0	0	-1.#IND	0.201847	
255	655	3419	4381	0.217809	0.206409	
305	655	2436	3080	0.221452	0.206409	
355	655	2051	2559	0.225126	0.206789	
405	655	0	0	-1.#IND	0.307142	
455	655	0	0	-1.#IND	0.202607	
505	655	0	0	-1.#IND	0.298779	
555	655	0	0	-1.#IND	0.230357	
605	655	2465	1473	0.528811	0.208309	
655	655	2364	1400	0.533979	0.206029	
705	655	0	0	-1.#IND	0.200707	
755	655	0	0	-1.#IND	0.200707	
805	655	0	0	-1.#IND	0.218193	
855	655	0	0	-1.#IND	0.203748	
905	655	0	0	-1.#IND	0.208309	
955	655	0	0	-1.#IND	0.200707	
1005	655	0	0	-1.#IND	0.218953	
1055	655	0	0	-1.#IND	0.201847	
1105	655	0	0	-1.#IND	0.201467	
1155	655	4827	4845	0.293217	0.207169	
1205	655	1869	2660	0.190938	0.255445	
1255	655	1876	2910	0.1711	0.242521	
1305	655	1763	2786	0.167063	0.230737	
1355	655	1344	2609	0.127627	0.207169	
1405	655	1241	2339	0.132725	0.206409	
1455	655	1437	2625	0.138325	0.207929	
1505	655	1262	2332	0.136242	0.207169	
1555	655	1305	2369	0.13947	0.206409	
1605	655	1386	2708	0.126532	0.20983	
1655	655	1371	2640	0.129005	0.20907	
1705	655	1256	2670	0.113001	0.206409	
1755	655	1507	2940	0.126785	0.206029	
1805	655	1403	1914	0.201406	0.206029	
1855	655	1501	2806	0.13417	0.205648	
5	705	2251	3214	0.190161	0.205268	
55	705	1766	2567	0.1859	0.245942	
105	705	4634	4400	0.313178	0.242901	
155	705	2151	2898	0.204589	0.230737	
205	705	2669	3408	0.218761	0.206789	
255	705	1688	1960	0.245937	0.206029	
305	705	1686	1267	0.410347	0.206409	
355	705	0	0	-1.#IND	0.201467	
405	705	0	0	-1.#IND	0.200327	
455	705	0	0	-1.#IND	0.199186	
505	705	2389	1488	0.505516	0.327669	
555	705	0	0	-1.#IND	0.334511	
605	705	2220	1601	0.429826	0.20907	
655	705	2066	1505	0.424998	0.234158	
705	705	1923	1428	0.415902	0.226936	
755	705	0	0	-1.#IND	0.204508	
805	705	0	0	-1.#IND	0.225035	
855	705	0	0	-1.#IND	0.223134	
905	705	0	0	-1.#IND	0.199947	
955	705	0	0	-1.#IND	0.20945	
1005	705	2248	3126	0.196616	0.213631	
1055	705	4941	4795	0.305201	0.212491	
1105	705	2505	3423	0.20099	0.206789	
1155	705	1962	2896	0.182308	0.206789	
1205	705	2160	3151	0.185054	0.206789	
1255	705	1135	2020	0.143147	0.20983	
1305	705	1345	2200	0.159792	0.208309	
1355	705	1045	2264	0.11014	0.21059	
1405	705	1334	2459	0.136684	0.219713	
1455	705	1568	2754	0.145647	0.20983	
1505	705	1197	2531	0.113819	0.235678	
1555	705	1431	2519	0.145222	0.231497	
1605	705	1450	2795	0.128829	0.207169	
1655	705	1499	2764	0.136629	0.206029	
1705	705	1422	2805	0.124931	0.218193	
1755	705	1392	2632	0.132165	0.711217	
1805	705	1086	1407	0.214841	0.356559	
1855	705	1268	2876	0.103491	0.353518	
5	755	4695	4331	0.324007	0.347436	
55	755	2214	2993	0.203722	0.20983	
105	755	1905	2720	0.190159	0.207549	
155	755	3037	3042	0.293943	0.346295	
205	755	1723	1149	0.468995	0.382407	
255	755	2146	1099	0.623393	0.343634	
305	755	2069	1151	0.571087	0.339833	
355	755	2310	1304	0.562229	0.340973	
405	755	2469	1324	0.593834	0.339453	
455	755	2520	1448	0.551636	0.339453	
505	755	2422	1551	0.490399	0.206029	
555	755	1806	1546	0.353513	0.207169	
605	755	2192	1417	0.485351	0.207169	
655	755	1698	1411	0.365854	0.207169	
705	755	1847	1513	0.37193	0.206029	
755	755	0	0	-1.#IND	0.200707	
805	755	0	0	-1.#IND	0.281674	
855	755	2605	3685	0.192412	0.234538	
905	755	2487	2995	0.235183	0.207169	
955	755	5132	4828	0.316611	0.206789	
1005	755	2327	3343	0.188687	0.207169	
1055	755	2143	3207	0.179139	0.206789	
1105	755	2133	3032	0.191235	0.265708	
1155	755	1307	2353	0.141003	0.247842	
1205	755	1362	2446	0.141459	0.21173	
1255	755	1316	2358	0.141883	0.218573	
1305	755	1302	2299	0.144636	0.212111	
1355	755	1360	2447	0.14111	0.207549	
1405	755	1213	2532	0.115812	0.21021	
1455	755	1324	2602	0.125552	0.207929	
1505	755	1303	2350	0.140671	0.341734	
1555	755	1293	2538	0.125755	0.375945	
1605	755	1645	2637	0.16401	0.32919	
1655	755	1417	2617	0.136339	0.353898	
1705	755	1367	2587	0.132011	0.21135	
1755	755	1451	2563	0.144569	0.207929	
1805	755	1335	1379	0.283331	0.212111	
1855	755	1307	2845	0.10944	0.21021	
5	805	2280	3392	0.180488	0.228456	
55	805	0	0	-1.#IND	0.203748	
105	805	0	0	-1.#IND	0.201087	
155	805	1942	1030	0.600791	0.205648	
205	805	0	0	-1.#IND	0.199947	
255	805	0	0	-1.#IND	0.199566	
305	805	0	0	-1.#IND	0.334511	
355	805	0	0	-1.#IND	0.366822	
405	805	0	0	-1.#IND	0.332611	
455	805	2166	1341	0.508849	0.342494	
505	805	0	0	-1.#IND	0.333751	
555	805	0	0	-1.#IND	0.33147	
605	805	2156	1277	0.533897	0.344775	
655	805	2051	3212	0.169014	0.339833	
705	805	2407	3171	0.210411	0.207169	
755	805	2883	3730	0.215211	0.206789	
805	805	2089	2932	0.194327	0.206789	
855	805	0	0	-1.#IND	0.200707	
905	805	0	0	-1.#IND	0.201087	
955	805	1928	2899	0.178055	0.207549	
1005	805	2339	3401	0.185823	0.296499	
1055	805	1313	2622	0.122899	0.233398	
1105	805	1186	2438	0.118222	0.206029	
1155	805	1474	2647	0.141468	0.228456	
1205	805	1302	2594	0.123281	0.207929	
1255	805	1228	2438	0.12386	0.206789	
1305	805	1369	2596	0.13166	0.206789	
1355	805	1338	2486	0.135261	0.208309	
1405	805	1370	2515	0.137427	0.206029	
1455	805	1452	2483	0.150824	0.341354	
1505	805	1534	2546	0.156801	0.307522	
1555	805	1265	2225	0.145375	0.27103	
1605	805	897	1134	0.221485	0.321967	
1655	805	1392	1519	0.265222	0.21021	
1705	805	1261	1068	0.357906	0.24176	
1755	805	1561	1299	0.365256	0.206409	
1805	805	1422	2492	0.146074	0.206409	
1855	805	1877	2589	0.198636	0.205648	
5	855	1863	2375	0.219199	0.207929	
55	855	3849	3854	0.294065	0.206029	
105	855	0	0	-1.#IND	0.201087	
155	855	0	0	-1.#IND	0.199947	
205	855	0	0	-1.#IND	0.199186	
255	855	0	0	-1.#IND	0.199186	
305	855	0	0	-1.#IND	0.199566	
355	855	2424	1657	0.456299	0.208309	
405	855	2730	1833	0.465466	0.206029	
455	855	2766	1948	0.441394	0.205648	
505	855	0	0	-1.#IND	0.199947	
555	855	0	0	-1.#IND	0.199566	
605	855	0	0	-1.#IND	0.206409	
655	855	3167	3351	0.275271	0.231117	
705	855	3073	3945	0.217305	0.231117	
755	855	0	0	-1.#IND	0.199947	
805	855	0	0	-1.#IND	0.202988	
855	855	0	0	-1.#IND	0.200327	
905	855	2585	3695	0.189893	0.206029	
955	855	1451	2381	0.159131	0.204888	
1005	855	1243	2173	0.146541	0.206409	
1055	855	1133	2301	0.120159	0.207929	
1105	855	1254	2255	0.141215	0.206409	
1155	855	1187	2299	0.128013	0.205268	
1205	855	1312	2688	0.118754	0.205268	
1255	855	1510	2587	0.150458	0.206789	
1305	855	1175	956	0.374844	0.206409	
1355	855	1137	1281	0.255146	0.205648	
1405	855	1150	1347	0.243329	0.20983	
1455	855	1059	1421	0.205631	0.334511	
1505	855	1496	2136	0.190162	0.235678	
1555	855	1440	2206	0.173858	0.208689	
1605	855	1304	2503	0.129552	0.351997	
1655	855	1282	2709	0.113917	0.354658	
1705	855	1218	2433	0.122851	0.336792	
1755	855	1417	2739	0.128353	0.213631	
1805	855	1400	2400	0.150339	0.206409	
1855	855	1783	2933	0.158624	0.20983	
5	905	0	0	-1.#IND	0.202988	
55	905	0	0	-1.#IND	0.199566	
105	905	0	0	-1.#IND	0.213251	
155	905	2486	1740	0.444456	0.358839	
205	905	0	0	-1.#IND	0.476299	
255	905	0	0	-1.#IND	0.227316	
305	905	2532	1717	0.460379	0.206409	
355	905	2397	1818	0.406085	0.342494	
405	905	0	0	-1.#IND	0.33071	
455	905	0	0	-1.#IND	0.332611	
505	905	0	0	-1.#IND	0.328049	
555	905	0	0	-1.#IND	0.33033	
605	905	2261	2893	0.2182	0.339073	
655	905	2712	3739	0.198753	0.207549	
705	905	0	0	-1.#IND	0.200707	
755	905	0	0	-1.#IND	0.199947	
805	905	1997	2966	0.180874	0.344395	
855	905	1318	2340	0.143604	0.310183	
905	905	1422	2591	0.138789	0.232257	
955	905	1290	2365	0.137668	0.207549	
1005	905	1412	2482	0.145494	0.206789	
1055	905	1276	2497	0.126267	0.340973	
1105	905	1270	1953	0.173011	0.338693	
1155	905	1267	1361	0.270312	0.339453	
1205	905	1059	1191	0.255699	0.343254	
1255	905	1172	1157	0.299067	0.206789	
1305	905	1322	2645	0.122587	0.207929	
1355	905	1263	2834	0.105019	0.206789	
1405	905	1342	2857	0.112778	0.207169	
1455	905	1387	2798	0.121244	0.206789	
1505	905	1959	3070	0.168867	0.21135	
1555	905	1932	3000	0.170871	0.30144	
1605	905	2101	3212	0.174317	0.231497	
1655	905	1839	3215	0.146536	0.207929	
1705	905	2063	3244	0.168129	0.206029	
1755	905	1823	3411	0.134011	0.205648	
1805	905	2170	3506	0.162357	0.205268	
1855	905	2036	3532	0.148025	0.205648	
5	955	0	0	-1.#IND	0.199947	
55	955	0	0	-1.#IND	0.199947	
105	955	0	0	-1.#IND	0.199947	
155	955	0	0	-1.#IND	0.199566	
205	955	0	0	-1.#IND	0.198806	
255	955	0	0	-1.#IND	0.199186	
305	955	0	0	-1.#IND	0.199186	
355	955	0	0	-1.#IND	0.198806	
405	955	0	0	-1.#IND	0.199186	
455	955	0	0	-1.#IND	0.219713	
505	955	2937	3643	0.226767	0.230357	
555	955	2443	3317	0.202611	0.229216	
605	955	2215	3213	0.186388	0.206029	
655	955	4499	4384	0.303722	0.205268	
705	955	2055	2844	0.197803	0.204888	
755	955	1130	2019	0.142412	0.205268	
805	955	1243	2304	0.135687	0.204888	
855	955	1280	2177	0.151896	0.204508	
905	955	1360	2447	0.14111	0.205268	
955	955	1222	2185	0.142273	0.265328	
1005	955	1373	2466	0.14144	0.229596	
1055	955	1371	2541	0.135705	0.206029	
1105	955	1071	1349	0.222498	0.205648	
1155	955	1413	2577	0.138619	0.205268	
1205	955	1499	2697	0.141117	0.205268	
1255	955	1291	2524	0.126424	0.294978	
1305	955	1662	2748	0.157574	0.20983	
1355	955	1819	3402	0.13409	0.281674	
1405	955	1852	3348	0.140237	0.355038	
1455	955	1945	3353	0.149245	0.226175	
1505	955	2065	3391	0.158981	0.27103	
1555	955	1798	3082	0.150357	0.349716	
1605	955	1798	3316	0.136592	0.283194	
1655	955	1754	3168	0.140402	0.213631	
1705	955	1621	3045	0.133315	0.21135	
1755	955	1800	3195	0.143648	0.334511	
1805	955	1768	3024	0.150783	0.29992	
1855	955	1707	3311	0.127763	0.212491	
5	1005	0	0	-1.#IND	0.203368	
55	1005	2710	1880	0.448881	0.21135	
105	1005	0	0	-1.#IND	0.231877	
155	1005	0	0	-1.#IND	0.202988	
205	1005	0	0	-1.#IND	0.202227	
255	1005	0	0	-1.#IND	0.341354	
305	1005	0	0	-1.#IND	0.223895	
355	1005	0	0	-1.#IND	0.233018	
405	1005	0	0	-1.#IND	0.20907	
455	1005	0	0	-1.#IND	0.212491	
505	1005	3161	4050	0.217837	0.21059	
555	1005	4661	4727	0.289623	0.20907	
605	1005	1925	2840	0.182422	0.212491	
655	1005	1342	2190	0.160273	0.265328	
705	1005	1391	2357	0.152634	0.212111	
755	1005	1188	2175	0.137918	0.21021	
805	1005	1199	2380	0.12389	0.208689	
855	1005	1047	2185	0.115847	0.24024	
905	1005	1437	2558	0.143109	0.20907	
955	1005	1180	2273	0.128945	0.21173	
1005	1005	1459	2602	0.14276	0.310563	
1055	1005	1176	1102	0.318079	0.409776	
1105	1005	1348	2663	0.124683	0.350477	
1155	1005	1416	2766	0.126569	0.215152	
1205	1005	1334	2600	0.126947	0.345915	
1255	1005	1392	2595	0.134664	0.345155	
1305	1005	1489	2642	0.143718	0.290037	
1355	1005	1763	2988	0.15259	0.236059	
1405	1005	1802	2903	0.162967	0.345535	
1455	1005	1749	3260	0.134693	0.354278	
1505	1005	1783	3050	0.150761	0.346675	
1555	1005	1733	3073	0.143837	0.382027	
1605	1005	1716	3265	0.131072	0.216292	
1655	1005	1830	3230	0.144713	0.345155	
1705	1005	1902	3411	0.141719	0.316645	
1755	1005	1793	3180	0.143801	0.346295	
1805	1005	1657	3121	0.132842	0.225035	
1855	1005	1799	3222	0.141967	0.310563	
5	1055	0	0	-1.#IND	0.23948	
55	1055	2785	1978	0.43725	0.266089	
105	1055	0	0	-1.#IND	0.32919	
155	1055	0	0	-1.#IND	0.346675	
205	1055	0	0	-1.#IND	0.332611	
255	1055	0	0	-1.#IND	0.334511	
305	1055	0	0	-1.#IND	0.303721	
355	1055	3219	4566	0.19175	0.32995	
405	1055	2656	3643	0.200043	0.218953	
455	1055	4787	4765	0.296139	0.317026	
505	1055	2015	2862	0.191426	0.327289	
555	1055	1160	2036	0.145778	0.223134	
605	1055	1142	2478	0.109909	0.274451	
655	1055	1324	2602	0.125552	0.218573	
705	1055	1480	2358	0.165312	0.252024	
755	1055	1323	2346	0.143835	0.397992	
805	1055	1346	2319	0.14936	0.355038	
855	1055	1289	2303	0.142419	0.250884	
905	1055	1685	2469	0.184014	0.33185	
955	1055	1478	2575	0.147198	0.227696	
1005	1055	1660	2837	0.150941	0.246702	
1055	1055	1463	2428	0.156814	0.307902	
1105	1055	1409	2616	0.135392	0.36074	
1155	1055	1457	2516	0.148914	0.335272	
1205	1055	1274	2321	0.138815	0.358459	
1255	1055	1466	2687	0.137713	0.347816	
1305	1055	1289	2675	0.116724	0.212491	
1355	1055	1742	3009	0.148859	0.345535	
1405	1055	1818	3181	0.146373	0.344775	
1455	1055	1725	3058	0.143887	0.222754	
1505	1055	1853	3257	0.145505	0.349716	
1555	1055	1702	3030	0.143092	0.21173	
1605	1055	1587	3275	0.117607	0.402174	
1655	1055	1789	3278	0.137769	0.364161	
1705	1055	1818	3108	0.150879	0.355418	
1755	1055	1846	3107	0.153977	0.352757	
1805	1055	1874	3117	0.156364	0.364541	
1855	1055	1876	3280	0.146518	0.344015	
5	1105	0	0	-1.#IND	0.332991	
55	1105	2136	2297	0.269953	0.344015	
105	1105	0	0	-1.#IND	0.207549	
155	1105	0	0	-1.#IND	0.228076	
205	1105	2992	3904	0.212948	0.245562	
255	1105	2511	3379	0.204895	0.207549	
305	1105	2401	2980	0.226593	0.207169	
355	1105	4626	4661	0.291886	0.321207	
405	1105	2170	2993	0.198648	0.340213	
455	1105	1566	2237	0.190048	0.337172	
505	1105	1423	2430	0.1511	0.296499	
555	1105	1152	2212	0.129493	0.207929	
605	1105	1228	2168	0.144665	0.259246	
655	1105	1523	2434	0.164656	0.20945	
705	1105	1390	2436	0.146068	0.207549	
755	1105	1366	2377	0.147431	0.21021	
805	1105	1368	2374	0.147957	0.342494	
855	1105	1516	2592	0.150857	0.278253	
905	1105	1623	2733	0.153879	0.230357	
955	1105	1298	2295	0.144383	0.207549	
1005	1105	1026	1053	0.285528	0.21021	
1055	1105	1467	2703	0.136762	0.20907	
1105	1105	1348	2481	0.136961	0.206409	
1155	1105	1330	2602	0.126311	0.212491	
1205	1105	1300	2357	0.139698	0.219333	
1255	1105	1372	2384	0.147709	0.207169	
1305	1105	1374	2545	0.135815	0.207549	
1355	1105	1765	2901	0.158793	0.206789	
1405	1105	1742	3420	0.125722	0.206409	
1455	1105	1724	3047	0.144458	0.206789	
1505	1105	1825	2821	0.17187	0.206789	
1555	1105	1723	2925	0.152265	0.315505	
1605	1105	1647	3027	0.137218	0.24138	
1655	1105	1690	3117	0.136581	0.230737	
1705	1105	1888	3103	0.158804	0.206789	
1755	1105	1785	3304	0.135939	0.207169	
1805	1105	1675	3192	0.130799	0.206789	
1855	1105	1680	3117	0.135515	0.206789	
5	1155	0	0	-1.#IND	0.200707	
55	1155	1541	2425	0.167966	0.207169	
105	1155	2180	2995	0.199633	0.20983	
155	1155	2663	3636	0.201192	0.20983	
205	1155	5711	5589	0.302177	0.208689	
255	1155	5563	5207	0.318507	0.20907	
305	1155	2100	2887	0.199467	0.21021	
355	1155	1754	2678	0.174609	0.206789	
405	1155	1387	2354	0.152315	0.206409	
455	1155	1526	2250	0.182561	0.258866	
505	1155	1473	2351	0.164936	0.231877	
555	1155	1670	2578	0.172162	0.215532	
605	1155	1460	2287	0.168962	0.208689	
655	1155	1298	2381	0.137566	0.20907	
705	1155	1398	2220	0.166018	0.33033	
755	1155	1305	2377	0.138852	0.20907	
805	1155	1326	2475	0.134446	0.340973	
855	1155	2127	2858	0.205277	0.208309	
905	1155	1488	2500	0.154333	0.214391	
955	1155	1031	1241	0.235321	0.215152	
1005	1155	1331	2236	0.154353	0.214011	
1055	1155	1366	2439	0.14254	0.207549	
1105	1155	1298	2478	0.130489	0.206789	
1155	1155	1416	2582	0.138652	0.364541	
1205	1155	1272	2279	0.141897	0.238339	
1255	1155	1428	2566	0.141352	0.207169	
1305	1155	1328	2440	0.137271	0.207929	
1355	1155	1706	2987	0.146246	0.20907	
1405	1155	1597	3294	0.117686	0.205268	
1455	1155	1622	3186	0.125639	0.206029	
1505	1155	2059	3188	0.171504	0.205648	
1555	1155	1780	2806	0.167589	0.205648	
1605	1155	1709	3081	0.140745	0.212871	
1655	1155	1716	3105	0.140067	0.20983	
1705	1155	1828	3069	0.154479	0.207169	
1755	1155	1867	3245	0.147656	0.206409	
1805	1155	1598	3355	0.114913	0.207169	
1855	1155	1757	3499	0.123352	0.318166	
5	1205	0	0	-1.#IND	0.229977	
55	1205	3147	4142	0.210657	0.21059	
105	1205	4667	4598	0.299784	0.207929	
155	1205	2071	3138	0.176319	0.207169	
205	1205	3212	3851	0.236467	0.207549	
255	1205	2647	3440	0.214016	0.207549	
305	1205	4456	4458	0.294362	0.207169	
355	1205	1402	2272	0.161726	0.230357	
405	1205	1289	2150	0.155795	0.207169	
455	1205	1594	2445	0.173578	0.207169	
505	1205	1632	2676	0.159285	0.206789	
555	1205	1357	2185	0.163074	0.206789	
605	1205	1150	1973	0.150182	0.206409	
655	1205	1566	2622	0.155026	0.208689	
705	1205	1386	2535	0.138098	0.233778	
755	1205	1407	2450	0.147301	0.207929	
805	1205	1314	2423	0.13662	0.207549	
855	1205	1623	2514	0.171411	0.206789	
905	1205	1413	2368	0.154841	0.206789	
955	1205	1419	2542	0.141924	0.207549	
1005	1205	1244	1350	0.267003	0.207929	
1055	1205	1280	2595	0.12044	0.20907	
1105	1205	1245	2371	0.130914	0.20945	
1155	1205	1359	2544	0.133928	0.302961	
1205	1205	1355	2464	0.139154	0.215912	
1255	1205	1340	2648	0.124633	0.226555	
1305	1205	1947	2835	0.185491	0.207549	
1355	1205	1806	3159	0.146434	0.212111	
1405	1205	1651	3201	0.127837	0.258486	
1455	1205	1651	3207	0.127518	0.232257	
1505	1205	1739	3336	0.129654	0.237199	
1555	1205	1715	3078	0.141576	0.207169	
1605	1205	1808	3335	0.136562	0.220093	
1655	1205	1754	3378	0.12898	0.207929	
1705	1205	1880	3219	0.150574	0.207929	
1755	1205	1757	3241	0.136558	0.206789	
1805	1205	1363	3053	0.105271	0.255445	
1855	1205	1768	3839	0.109806	0.20907	
5	1255	0	0	-1.#IND	0.202227	
55	1255	0	0	-1.#IND	0.202227	
105	1255	2072	2904	0.194677	0.208309	
155	1255	2398	3510	0.184263	0.207169	
205	1255	3927	4339	0.261252	0.263808	
255	1255	2235	3284	0.183366	0.244041	
305	1255	2900	4088	0.193263	0.231877	
355	1255	2091	2811	0.205152	0.207549	
405	1255	1511	2378	0.167947	0.207169	
455	1255	1532	2546	0.156536	0.207549	
505	1255	1335	2360	0.144417	0.207169	
555	1255	1265	2193	0.148156	0.21021	
605	1255	1099	2097	0.130579	0.20907	
655	1255	1229	2374	0.128468	0.216292	
705	1255	1259	2163	0.149911	0.206409	
755	1255	1270	2302	0.139746	0.206409	
805	1255	1454	2444	0.154241	0.206409	
855	1255	1538	2487	0.16218	0.206789	
905	1255	1611	2696	0.155126	0.206409	
955	1255	1417	2813	0.123874	0.272931	
1005	1255	1452	2471	0.151779	0.385068	
1055	1255	879	1103	0.223539	0.212111	
1105	1255	1334	2468	0.136027	0.226936	
1155	1255	1301	2494	0.129776	0.20983	
1205	1255	1354	2587	0.130349	0.20945	
1255	1255	1277	2469	0.12831	0.207549	
1305	1255	1279	2506	0.126057	0.220093	
1355	1255	1755	3027	0.149145	0.208689	
1405	1255	1575	3241	0.118058	0.207549	
1455	1255	1770	3153	0.142976	0.332991	
1505	1255	1622	2965	0.138199	0.223514	
1555	1255	1631	3179	0.12694	0.24024	
1605	1255	1813	3191	0.145248	0.293458	
1655	1255	1611	3216	0.122955	0.230737	
1705	1255	1946	3243	0.155973	0.258486	
1755	1255	1776	2939	0.1574	0.207169	
1805	1255	1489	1700	0.251056	0.207169	
1855	1255	4317	4914	0.251974	0.207169	
5	1305	0	0	-1.#IND	0.311704	
55	1305	0	0	-1.#IND	0.385448	
105	1305	1978	2828	0.189839	0.348956	
155	1305	4421	4621	0.279345	0.36188	
205	1305	2691	3793	0.193288	0.338693	
255	1305	2639	3932	0.180143	0.276732	
305	1305	2292	3033	0.209241	0.377466	
355	1305	2768	3434	0.226716	0.342874	
405	1305	1335	2249	0.153793	0.21059	
455	1305	1215	2322	0.130306	0.208689	
505	1305	1385	2405	0.147837	0.207549	
555	1305	1747	2775	0.165957	0.207549	
605	1305	1282	2249	0.145874	0.207929	
655	1305	1130	2136	0.132215	0.207169	
705	1305	1249	2391	0.130015	0.207549	
755	1305	1513	2508	0.157056	0.324628	
805	1305	1307	2272	0.147629	0.342494	
855	1305	1602	2588	0.162381	0.321587	
905	1305	1524	2568	0.153746	0.233018	
955	1305	1444	2665	0.136465	0.230737	
1005	1305	1442	2448	0.152262	0.208309	
1055	1305	1818	2255	0.226768	0.235678	
1105	1305	1399	2559	0.138082	0.207169	
1155	1305	1597	2826	0.144227	0.207169	
1205	1305	1257	2438	0.127774	0.213631	
1255	1305	1244	2492	0.122386	0.340213	
1305	1305	1320	2566	0.127389	0.308283	
1355	1305	2273	3460	0.175282	0.208309	
1405	1305	1657	3058	0.136472	0.207549	
1455	1305	1940	3179	0.159417	0.266469	
1505	1305	1685	3237	0.12941	0.250884	
1555	1305	1724	3182	0.136452	0.388109	
1605	1305	1762	3298	0.13395	0.21173	
1655	1305	1921	3207	0.155616	0.206789	
1705	1305	1975	3317	0.154407	0.20945	
1755	1305	1684	3002	0.142839	0.342494	
1805	1305	1915	3077	0.163517	0.207169	
1855	1305	2726	2660	0.303224	0.206789	
5	1355	0	0	-1.#IND	0.200707	
55	1355	0	0	-1.#IND	0.200707	
105	1355	2930	2846	0.304874	0.21021	
155	1355	2932	3941	0.20519	0.216672	
205	1355	2489	3358	0.204237	0.207549	
255	1355	2549	3180	0.225157	0.206789	
305	1355	2775	3890	0.194631	0.235298	
355	1355	2545	3513	0.198451	0.230737	
405	1355	4906	4768	0.304673	0.207549	
455	1355	1336	2289	0.150449	0.207169	
505	1355	1109	2029	0.138041	0.206789	
555	1355	879	1917	0.109158	0.206789	
605	1355	995	2058	0.117248	0.208309	
655	1355	1222	2207	0.140413	0.21097	
705	1355	1327	2395	0.140539	0.206409	
755	1355	1444	2330	0.162629	0.206409	
805	1355	1309	2441	0.134611	0.206789	
855	1355	1395	2471	0.144039	0.206789	
905	1355	1307	2252	0.149344	0.206789	
955	1355	1319	2325	0.144964	0.206789	
1005	1355	1162	1348	0.246214	0.242901	
1055	1355	1307	2483	0.131338	0.237199	
1105	1355	1398	2391	0.150796	0.219333	
1155	1355	1408	2503	0.143362	0.207169	
1205	1355	1278	2408	0.132779	0.20983	
1255	1355	1268	2274	0.141719	0.340593	
1305	1355	1221	2616	0.111812	0.20945	
1355	1355	1164	2366	0.12002	0.21135	
1405	1355	1698	3249	0.130096	0.219333	
1455	1355	1814	3152	0.14771	0.215532	
1505	1355	1674	2777	0.1569	0.221994	
1555	1355	4848	4919	0.289458	0.208689	
1605	1355	4698	4841	0.284162	0.206789	
1655	1355	1636	2881	0.145147	0.403314	
1705	1355	1508	3115	0.117454	0.245182	
1755	1355	1442	2885	0.122592	0.207929	
1805	1355	1558	2930	0.133114	0.208309	
1855	1355	1553	3379	0.109505	0.220854	
5	1405	0	0	-1.#IND	0.232637	
55	1405	0	0	-1.#IND	0.203748	
105	1405	3705	4301	0.246008	0.207169	
155	1405	4198	5523	0.210766	0.206409	
205	1405	3368	4640	0.198937	0.20983	
255	1405	2821	3805	0.204298	0.21097	
305	1405	3086	3902	0.221441	0.212111	
355	1405	2142	3016	0.193545	0.291937	
405	1405	1806	2474	0.200361	0.207549	
455	1405	1540	2454	0.165277	0.231877	
505	1405	1322	2202	0.156075	0.232257	
555	1405	1097	2382	0.109806	0.207929	
605	1405	5482	5200	0.313546	0.207169	
655	1405	1245	2326	0.134279	0.207169	
705	1405	1085	2156	0.123714	0.206789	
755	1405	1274	2096	0.158595	0.207169	
805	1405	1275	1623	0.219602	0.20983	
855	1405	1163	1679	0.187517	0.215912	
905	1405	981	1316	0.205697	0.207169	
955	1405	958	1807	0.13259	0.206409	
1005	1405	1610	2625	0.160459	0.206789	
1055	1405	1345	2267	0.153691	0.2391	
1105	1405	1291	2348	0.139125	0.24024	
1155	1405	1254	2169	0.148596	0.222374	
1205	1405	1179	2098	0.143174	0.207929	
1255	1405	1440	2523	0.146115	0.207169	
1305	1405	1406	2470	0.145606	0.21173	
1355	1405	1328	2638	0.123768	0.206789	
1405	1405	2623	3034	0.247093	0.206409	
1455	1405	1377	2377	0.148984	0.207169	
1505	1405	1474	2437	0.157587	0.290797	
1555	1405	1521	2501	0.158708	0.215152	
1605	1405	1632	2507	0.173249	0.20945	
1655	1405	1327	2247	0.152772	0.20945	
1705	1405	2408	3131	0.21388	0.207929	
1755	1405	2473	3094	0.224363	0.213251	
1805	1405	1706	2820	0.157629	0.345915	
1855	1405	2840	3272	0.248293	0.396852	
5	1455	0	0	-1.#IND	0.203368	
55	1455	0	0	-1.#IND	0.204128	
105	1455	0	0	-1.#IND	0.220093	
155	1455	2936	4211	0.189078	0.216672	
205	1455	2845	4023	0.192503	0.207169	
255	1455	2752	3926	0.190366	0.206789	
305	1455	2259	3454	0.174288	0.207549	
355	1455	1888	2858	0.176533	0.206789	
405	1455	1769	2595	0.183751	0.206789	
455	1455	1113	1957	0.145438	0.206789	
505	1455	823	743	0.332296	0.20907	
555	1455	0	0	-1.#IND	0.313985	
605	1455	786	944	0.235964	0.282054	
655	1455	2909	3474	0.237615	0.231117	
705	1455	1183	2261	0.130294	0.207929	
755	1455	1453	2746	0.13225	0.207169	
805	1455	1237	1837	0.180903	0.207549	
855	1455	1469	2351	0.164358	0.212111	
905	1455	1403	2432	0.148175	0.21059	
955	1455	1443	2389	0.157309	0.206789	
1005	1455	1298	2263	0.147062	0.207169	
1055	1455	1107	2037	0.137	0.206029	
1105	1455	1200	2260	0.132859	0.207929	
1155	1455	1256	2130	0.152471	0.206789	
1205	1455	1263	2346	0.135311	0.20945	
1255	1455	1444	2535	0.145738	0.206409	
1305	1455	1426	2901	0.119884	0.304101	
1355	1455	1195	2424	0.120352	0.231497	
1405	1455	1330	2434	0.137991	0.207549	
1455	1455	1248	2185	0.146255	0.207549	
1505	1455	1174	2203	0.133501	0.207549	
1555	1455	1442	2598	0.140863	0.20945	
1605	1455	1246	2633	0.113913	0.218953	
1655	1455	1177	2346	0.123208	0.21021	
1705	1455	2366	3101	0.211766	0.228836	
1755	1455	2368	2950	0.225553	0.20945	
1805	1455	2334	2931	0.22333	0.208689	
1855	1455	2540	3015	0.239389	0.207549	
5	1505	0	0	-1.#IND	0.201087	
55	1505	0	0	-1.#IND	0.233778	
105	1505	3231	4229	0.212123	0.256205	
155	1505	2422	3581	0.181918	0.21021	
205	1505	2198	3344	0.175405	0.220473	
255	1505	2014	3167	0.168126	0.207549	
305	1505	2244	3553	0.166646	0.20983	
355	1505	2160	3178	0.183057	0.207549	
405	1505	1534	2797	0.138663	0.206409	
455	1505	1460	2572	0.145077	0.208309	
505	1505	0	0	-1.#IND	0.201467	
555	1505	839	616	0.421258	0.205268	
605	1505	544	467	0.352358	0.207169	
655	1505	680	783	0.248462	0.205648	
705	1505	1658	2782	0.154594	0.274071	
755	1505	1363	2633	0.128458	0.232637	
805	1505	1175	1702	0.186724	0.237579	
855	1505	1519	2545	0.154892	0.21021	
905	1505	1468	2519	0.150149	0.207549	
955	1505	1253	2202	0.145538	0.207169	
1005	1505	1173	2154	0.137373	0.208309	
1055	1505	1052	1990	0.132088	0.24024	
1105	1505	1230	2177	0.144189	0.207169	
1155	1505	1283	2136	0.156173	0.20983	
1205	1505	1391	2348	0.153396	0.206789	
1255	1505	1307	2419	0.135956	0.206789	
1305	1505	1261	2489	0.124825	0.206789	
1355	1505	1312	2421	0.136494	0.206789	
1405	1505	1391	2541	0.138323	0.24024	
1455	1505	1322	2362	0.142416	0.242901	
1505	1505	1406	2487	0.144304	0.207169	
1555	1505	1317	2254	0.150662	0.206789	
1605	1505	1287	2398	0.134758	0.207169	
1655	1505	1230	2291	0.134819	0.336792	
1705	1505	2585	3012	0.244894	0.20945	
1755	1505	2431	3106	0.218595	0.207929	
1805	1505	2759	3269	0.239924	0.220854	
1855	1505	2646	3205	0.233511	0.217432	
5	1555	0	0	-1.#IND	0.201847	
55	1555	2296	3163	0.198948	0.226555	
105	1555	2262	3109	0.199524	0.207549	
155	1555	2445	3387	0.197563	0.206409	
205	1555	1878	2921	0.170507	0.280914	
255	1555	1174	2440	0.116489	0.230357	
305	1555	1388	2583	0.134977	0.213631	
355	1555	1282	2517	0.125716	0.208309	
405	1555	1388	2729	0.125477	0.21135	
455	1555	0	0	-1.#IND	0.201847	
505	1555	0	0	-1.#IND	0.201467	
555	1555	0	0	-1.#IND	0.200707	
605	1555	511	433	0.357705	0.206029	
655	1555	687	726	0.275688	0.216292	
705	1555	5613	5946	0.274887	0.206409	
755	1555	1286	2346	0.138571	0.206409	
805	1555	1842	2900	0.167867	0.206789	
855	1555	1327	1594	0.235919	0.20945	
905	1555	1232	2527	0.118571	0.278253	
955	1555	1242	2258	0.139196	0.229977	
1005	1555	1255	2021	0.163049	0.207169	
1055	1555	1055	1108	0.27775	0.205268	
1105	1555	1114	1947	0.146589	0.207549	
1155	1555	1336	2209	0.157573	0.206409	
1205	1555	1321	2344	0.14371	0.204888	
1255	1555	1283	2528	0.125117	0.205268	
1305	1555	1366	2660	0.127097	0.205648	
1355	1555	1266	2463	0.127253	0.207169	
1405	1555	4875	4805	0.29963	0.257346	
1455	1555	1178	2161	0.137556	0.206029	
1505	1555	1333	2189	0.158977	0.205648	
1555	1555	1358	2369	0.146949	0.29992	
1605	1555	1263	2341	0.135692	0.233018	
1655	1555	1232	2348	0.130784	0.21059	
1705	1555	2303	2896	0.222954	0.309803	
1755	1555	2596	3090	0.238579	0.208309	
1805	1555	2374	3143	0.209117	0.293078	
1855	1555	2727	3180	0.244654	0.20945	
5	1605	0	0	-1.#IND	0.204128	
55	1605	1405	2701	0.129289	0.237959	
105	1605	1309	2465	0.13288	0.348196	
155	1605	1321	2531	0.129867	0.208309	
205	1605	1462	2179	0.180071	0.20983	
255	1605	837	791	0.314922	0.208309	
305	1605	0	0	-1.#IND	0.232637	
355	1605	1163	1510	0.214267	0.231117	
405	1605	953	852	0.33611	0.21173	
455	1605	1017	985	0.305916	0.215152	
505	1605	0	0	-1.#IND	0.201847	
555	1605	1060	989	0.319707	0.217432	
605	1605	941	1022	0.266745	0.226175	
655	1605	863	776	0.333854	0.20983	
705	1605	1242	2564	0.117548	0.21059	
755	1605	1333	2452	0.137064	0.206789	
805	1605	1276	2500	0.126066	0.206029	
855	1605	1459	2573	0.144873	0.223134	
905	1605	1423	2549	0.141936	0.207549	
955	1605	1291	2250	0.14713	0.207169	
1005	1605	1320	2310	0.146343	0.302961	
1055	1605	1416	2350	0.156814	0.231497	
1105	1605	1312	2569	0.126166	0.206789	
1155	1605	983	999	0.288903	0.231497	
1205	1605	1434	2494	0.147533	0.20983	
1255	1605	1142	2325	0.119763	0.207169	
1305	1605	1317	2555	0.127732	0.206789	
1355	1605	1359	2482	0.138363	0.206789	
1405	1605	4704	4840	0.284666	0.206409	
1455	1605	1451	2273	0.168952	0.206409	
1505	1605	1278	2254	0.144857	0.206789	
1555	1605	1514	2450	0.162025	0.21173	
1605	1605	1327	2325	0.146116	0.208309	
1655	1605	1310	2446	0.134383	0.624168	
1705	1605	1264	2528	0.122649	0.233398	
1755	1605	2497	3162	0.221029	0.207929	
1805	1605	2605	3052	0.243255	0.207549	
1855	1605	2607	3187	0.230874	0.207549	
5	1655	1440	2709	0.133054	0.20945	
55	1655	1626	2329	0.189399	0.341734	
105	1655	1148	1540	0.205702	0.20983	
155	1655	1543	2889	0.133894	0.334891	
205	1655	1307	2683	0.118443	0.288516	
255	1655	1494	2412	0.162514	0.265708	
305	1655	925	874	0.314992	0.215532	
355	1655	802	715	0.337209	0.208689	
405	1655	1022	998	0.302956	0.382407	
455	1655	1075	1012	0.316361	0.379746	
505	1655	0	0	-1.#IND	0.344015	
555	1655	1063	1177	0.260586	0.221234	
605	1655	1044	1157	0.260303	0.229216	
655	1655	1058	936	0.340248	0.237579	
705	1655	1225	1629	0.207963	0.207549	
755	1655	1741	2752	0.167003	0.224655	
805	1655	1309	2380	0.139181	0.21021	
855	1655	1392	2626	0.132565	0.208689	
905	1655	1341	2492	0.13523	0.206409	
955	1655	1248	2260	0.139919	0.342874	
1005	1655	1189	2296	0.128523	0.341734	
1055	1655	1269	2231	0.145463	0.318926	
1105	1655	1365	2419	0.14395	0.320447	
1155	1655	1159	1286	0.259922	0.208309	
1205	1655	1724	3018	0.146279	0.207549	
1255	1655	1332	2441	0.137742	0.207549	
1305	1655	1401	2716	0.127855	0.207929	
1355	1655	2378	3603	0.17633	0.213251	
1405	1655	1712	2788	0.160705	0.21135	
1455	1655	1471	2284	0.170887	0.206789	
1505	1655	1362	2590	0.13117	0.206409	
1555	1655	1420	2454	0.148764	0.207929	
1605	1655	1376	2427	0.144844	0.208689	
1655	1655	1311	2573	0.125777	0.206409	
1705	1655	1246	2566	0.117933	0.21173	
1755	1655	2604	3187	0.230547	0.30144	
1805	1655	2239	2910	0.213995	0.234918	
1855	1655	2658	3095	0.245093	0.207169	
5	1705	1339	2586	0.1285	0.207549	
55	1705	1269	2486	0.126085	0.207549	
105	1705	1432	2713	0.131818	0.20983	
155	1705	1157	1113	0.308388	0.250123	
205	1705	1306	2669	0.119154	0.21097	
255	1705	1385	2675	0.12849	0.226555	
305	1705	0	0	-1.#IND	0.20907	
355	1705	663	555	0.36277	0.215912	
405	1705	1206	2493	0.117338	0.214771	
455	1705	1638	3247	0.124115	0.208309	
505	1705	0	0	-1.#IND	0.304861	
555	1705	1052	964	0.326548	0.232257	
605	1705	1012	1046	0.283122	0.215912	
655	1705	1031	895	0.347827	0.20945	
705	1705	843	808	0.309716	0.212491	
755	1705	5296	5442	0.285112	0.20983	
805	1705	1425	2551	0.142052	0.219713	
855	1705	1273	2363	0.13543	0.207929	
905	1705	1530	2642	0.148918	0.207549	
955	1705	1417	2332	0.15853	0.20907	
1005	1705	952	1691	0.143514	0.342114	
1055	1705	1327	2423	0.138405	0.207549	
1105	1705	1555	1851	0.238564	0.207169	
1155	1705	1139	1450	0.21958	0.378226	
1205	1705	1390	2534	0.138695	0.315885	
1255	1705	1332	2657	0.123081	0.231497	
1305	1705	1829	3221	0.145139	0.212111	
1355	1705	2996	4308	0.18847	0.21021	
1405	1705	4126	4107	0.296142	0.206789	
1455	1705	1550	2299	0.181185	0.206789	
1505	1705	1343	2542	0.131982	0.207169	
1555	1705	1398	2415	0.148843	0.207169	
1605	1705	1360	2353	0.148542	0.207169	
1655	1705	1382	2533	0.137716	0.207169	
1705	1705	1166	2370	0.120024	0.21059	
1755	1705	2740	3151	0.24885	0.20945	
1805	1705	2408	3009	0.224703	0.207549	
1855	1705	2660	2948	0.260293	0.316265	
5	1755	1302	2538	0.126922	0.233778	
55	1755	1346	2624	0.126908	0.236819	
105	1755	1444	2358	0.160137	0.207929	
155	1755	1851	2747	0.181055	0.20945	
205	1755	1568	2885	0.137018	0.206409	
255	1755	1948	2961	0.175606	0.206409	
305	1755	0	0	-1.#IND	0.200707	
355	1755	0	0	-1.#IND	0.199566	
405	1755	0	0	-1.#IND	0.199947	
455	1755	1327	1672	0.222407	0.216292	
505	1755	0	0	-1.#IND	0.205268	
555	1755	1001	1076	0.270089	0.20945	
605	1755	1009	992	0.300531	0.206029	
655	1755	948	956	0.291585	0.204888	
705	1755	1333	2587	0.127669	0.288896	
755	1755	3565	4005	0.256038	0.231497	
805	1755	1434	2531	0.144717	0.229977	
855	1755	1065	1267	0.238732	0.206029	
905	1755	1049	1086	0.282573	0.207929	
955	1755	1054	1191	0.254232	0.208309	
1005	1755	1069	1146	0.270969	0.212111	
1055	1755	1418	1411	0.29626	0.205268	
1105	1755	1203	2016	0.154848	0.206029	
1155	1755	1514	2664	0.145301	0.205648	
1205	1755	1463	2630	0.141274	0.204508	
1255	1755	1285	2889	0.10474	0.205648	
1305	1755	1307	2529	0.128176	0.205648	
1355	1755	2693	3908	0.18629	0.204888	
1405	1755	1345	2500	0.13519	0.207929	
1455	1755	1664	2516	0.176795	0.228836	
1505	1755	1388	2507	0.140398	0.229596	
1555	1755	1410	2413	0.150675	0.230357	
1605	1755	1339	2493	0.134892	0.324248	
1655	1755	1250	2317	0.135685	0.237959	
1705	1755	1254	2517	0.122063	0.305622	
1755	1755	2715	3041	0.256968	0.21021	
1805	1755	0	0	-1.#IND	0.201847	
1855	1755	0	0	-1.#IND	0.200327	
5	1805	1184	2371	0.122442	0.206029	
55	1805	1299	2552	0.125609	0.206409	
105	1805	1276	2723	0.112414	0.206409	
155	1805	1381	2774	0.12194	0.205268	
205	1805	1270	1977	0.170322	0.212491	
255	1805	1345	2625	0.126718	0.340593	
305	1805	960	944	0.300465	0.230737	
355	1805	0	0	-1.#IND	0.214391	
405	1805	0	0	-1.#IND	0.202227	
455	1805	974	911	0.318782	0.225035	
505	1805	1046	853	0.373857	0.21135	
555	1805	1035	925	0.336241	0.207169	
605	1805	999	1133	0.253099	0.206789	
655	1805	1596	2220	0.196543	0.207169	
705	1805	1435	2607	0.139328	0.206789	
755	1805	1377	1255	0.328626	0.20907	
805	1805	1322	2382	0.140847	0.208689	
855	1805	1303	2095	0.16338	0.208689	
905	1805	1419	2574	0.139609	0.206789	
955	1805	1160	2277	0.12575	0.310563	
1005	1805	1134	2259	0.123303	0.233018	
1055	1805	1184	2437	0.118019	0.207169	
1105	1805	1240	2195	0.144163	0.20983	
1155	1805	1362	2340	0.149908	0.207549	
1205	1805	1561	2706	0.148166	0.207169	
1255	1805	1965	3133	0.165157	0.206409	
1305	1805	1478	2731	0.136251	0.206029	
1355	1805	1516	2960	0.126646	0.205268	
1405	1805	4702	4941	0.277562	0.272171	
1455	1805	1741	2632	0.176831	0.230737	
1505	1805	1325	2442	0.136714	0.207549	
1555	1805	1505	2496	0.156953	0.207169	
1605	1805	1388	2635	0.131463	0.233778	
1655	1805	1300	2344	0.140718	0.208309	
1705	1805	1161	2468	0.113004	0.306382	
1755	1805	0	0	-1.#IND	0.342874	
1805	1805	0	0	-1.#IND	0.252404	
1855	1805	0	0	-1.#IND	0.207929	
5	1855	1317	2618	0.123652	0.21021	
55	1855	1249	2585	0.117148	0.347816	
105	1855	1446	2520	0.147141	0.208689	
155	1855	1558	2626	0.153692	0.215532	
205	1855	1410	2677	0.131448	0.215152	
255	1855	1214	2461	0.120453	0.214011	
305	1855	0	0	-1.#IND	0.201847	
355	1855	0	0	-1.#IND	0.290797	
405	1855	0	0	-1.#IND	0.231877	
455	1855	0	0	-1.#IND	0.206409	
505	1855	932	843	0.331561	0.207169	
555	1855	921	1149	0.225155	0.207169	
605	1855	1043	1187	0.252035	0.21021	
655	1855	1481	2485	0.154595	0.21059	
705	1855	1479	2419	0.159808	0.207549	
755	1855	1290	2142	0.156709	0.207169	
805	1855	1337	2390	0.142322	0.236059	
855	1855	1455	2322	0.16496	0.207169	
905	1855	1234	2634	0.112378	0.207169	
955	1855	1089	2020	0.135558	0.207169	
1005	1855	3481	4158	0.237551	0.214011	
1055	1855	2415	3629	0.178198	0.272551	
1105	1855	1586	3004	0.131862	0.235678	
1155	1855	1359	2488	0.137923	0.234918	
1205	1855	4092	4577	0.257401	0.207549	
1255	1855	4765	4984	0.279114	0.207169	
1305	1855	4538	4529	0.295217	0.206789	
1355	1855	4822	4758	0.299238	0.206789	
1405	1855	5168	5229	0.290428	0.207169	
1455	1855	3710	4229	0.251543	0.20945	
1505	1855	1475	2601	0.144889	0.207169	
1555	1855	1518	2471	0.160795	0.207549	
1605	1855	1306	2350	0.141097	0.332231	
1655	1855	0	0	-1.#IND	0.252784	
1705	1855	0	0	-1.#IND	0.208309	
1755	1855	0	0	-1.#IND	0.234158	
1805	1855	0	0	-1.#IND	0.24024	
1855	1855	0	0	-1.#IND	0.202607	
5	1905	1234	2527	0.118829	0.217052	
55	1905	1365	2589	0.13162	0.20945	
105	1905	1332	2405	0.140464	0.21173	
155	1905	1155	2000	0.148379	0.231877	
205	1905	1503	3025	0.12162	0.206409	
255	1905	1357	2705	0.123195	0.218953	
305	1905	0	0	-1.#IND	0.206409	
355	1905	0	0	-1.#IND	0.201087	
405	1905	0	0	-1.#IND	0.199947	
455	1905	0	0	-1.#IND	0.199566	
505	1905	0	0	-1.#IND	0.394191	
555	1905	1004	885	0.341693	0.23948	
605	1905	968	1060	0.264107	0.207929	
655	1905	1393	2442	0.146009	0.207169	
705	1905	1365	2604	0.130616	0.206409	
755	1905	1162	2025	0.147147	0.207169	
805	1905	1045	2169	0.116698	0.213631	
855	1905	1153	2320	0.12166	0.212491	
905	1905	1795	2613	0.185552	0.206789	
955	1905	4495	4669	0.281453	0.206789	
1005	1905	5769	5950	0.283853	0.207549	
1055	1905	5097	5090	0.295002	0.207549	
1105	1905	5119	5029	0.300797	0.206789	
1155	1905	4802	4875	0.289268	0.206789	
1205	1905	3084	3764	0.231337	0.673584	
1255	1905	1900	2906	0.174218	0.232257	
1305	1905	1742	2667	0.173996	0.233018	
1355	1905	1074	2141	0.123185	0.207549	
1405	1905	973	1903	0.126361	0.206789	
1455	1905	0	0	-1.#IND	0.202227	
1505	1905	0	0	-1.#IND	0.201087	
1555	1905	0	0	-1.#IND	0.229216	
1605	1905	0	0	-1.#IND	0.224655	
1655	1905	0	0	-1.#IND	0.230357	
1705	1905	0	0	-1.#IND	0.33071	
1755	1905	0	0	-1.#IND	0.204128	
1805	1905	0	0	-1.#IND	0.205648	
1855	1905	0	0	-1.#IND	0.217052	
5	1955	1306	2880	0.107529	0.241	
55	1955	1238	1940	0.168878	0.208689	
105	1955	1742	2730	0.168861	0.206789	
155	1955	1339	2683	0.122344	0.20945	
205	1955	1294	2729	0.114219	0.207929	
255	1955	1236	2659	0.111195	0.223514	
305	1955	1347	2636	0.126264	0.21097	
355	1955	0	0	-1.#IND	0.201847	
405	1955	0	0	-1.#IND	0.214771	
455	1955	0	0	-1.#IND	0.205268	
505	1955	0	0	-1.#IND	0.201087	
555	1955	869	929	0.271881	0.339073	
605	1955	0	0	-1.#IND	0.332991	
655	1955	1363	2480	0.139047	0.410537	
705	1955	1373	2280	0.156693	0.380507	
755	1955	1191	1299	0.265385	0.219333	
805	1955	1335	2632	0.125019	0.214011	
855	1955	1154	2307	0.12272	0.207929	
905	1955	1151	2275	0.124597	0.206789	
955	1955	1323	2855	0.11073	0.207549	
1005	1955	1296	2337	0.140701	0.207549	
1055	1955	1013	2122	0.115263	0.208309	
1105	1955	1215	2326	0.130008	0.21059	
1155	1955	1125	2134	0.131603	0.21097	
1205	1955	1253	2212	0.144677	0.206789	
1255	1955	1196	2449	0.118841	0.206789	
1305	1955	1126	2216	0.125316	0.206789	
1355	1955	1159	2140	0.136382	0.29916	
1405	1955	0	0	-1.#IND	0.225035	
1455	1955	0	0	-1.#IND	0.201847	
1505	1955	0	0	-1.#IND	0.201847	
1555	1955	0	0	-1.#IND	0.204128	
1605	1955	0	0	-1.#IND	0.201467	
1655	1955	0	0	-1.#IND	0.201467	
1705	1955	0	0	-1.#IND	0.200707	
1755	1955	0	0	-1.#IND	0.201087	
1805	1955	0	0	-1.#IND	0.204508	
1855	1955	0	0	-1.#IND	0.201087	
5	2005	0	0	-1.#IND	0.199947	
55	2005	1168	1438	0.228866	0.207169	
105	2005	1395	2753	0.124855	0.206029	
155	2005	1208	2716	0.104734	0.264568	
205	2005	1314	2788	0.113291	0.231117	
255	2005	1177	2458	0.115739	0.231877	
305	2005	1317	2706	0.118297	0.206409	
355	2005	1257	2544	0.120718	0.206029	
405	2005	0	0	-1.#IND	0.200707	
455	2005	0	0	-1.#IND	0.199566	
505	2005	847	792	0.318884	0.208689	
555	2005	847	821	0.305629	0.20945	
605	2005	934	904	0.306161	0.207549	
655	2005	1472	2642	0.141567	0.208689	
705	2005	1441	3094	0.111488	0.206029	
755	2005	1401	2301	0.158947	0.205648	
805	2005	1288	2226	0.148754	0.205268	
855	2005	1335	2554	0.130125	0.205268	
905	2005	1337	2671	0.122833	0.244041	
955	2005	1279	2727	0.112548	0.232257	
1005	2005	2298	3516	0.174138	0.234538	
1055	2005	1285	2761	0.111381	0.234918	
1105	2005	1304	2518	0.128528	0.206029	
1155	2005	1105	2517	0.102891	0.21021	
1205	2005	1107	2240	0.120748	0.20907	
1255	2005	1123	2381	0.113402	0.208309	
1305	2005	1120	2336	0.115937	0.208689	
1355	2005	0	0	-1.#IND	0.203368	
1405	2005	0	0	-1.#IND	0.203368	
1455	2005	0	0	-1.#IND	0.204128	
1505	2005	0	0	-1.#IND	0.203748	
1555	2005	0	0	-1.#IND	0.203748	
1605	2005	0	0	-1.#IND	0.206409	
1655	2005	0	0	-1.#IND	0.207169	
1705	2005	0	0	-1.#IND	0.228836	
1755	2005	0	0	-1.#IND	0.233398	
1805	2005	0	0	-1.#IND	0.206409	
1855	2005	0	0	-1.#IND	0.202607	
5	2055	0	0	-1.#IND	0.200707	
55	2055	0	0	-1.#IND	0.201847	
105	2055	1309	2827	0.110613	0.207169	
155	2055	1080	2554	0.0977483	0.207169	
205	2055	1225	2682	0.108584	0.207169	
255	2055	1185	2491	0.114721	0.206789	
305	2055	1152	2326	0.1211	0.207929	
355	2055	1397	2633	0.132727	0.208309	
405	2055	1250	2507	0.122191	0.205648	
455	2055	1278	2441	0.130405	0.207929	
505	2055	1076	1163	0.268302	0.220093	
555	2055	963	1089	0.253996	0.231497	
605	2055	0	0	-1.#IND	0.204508	
655	2055	809	983	0.232608	0.20945	
705	2055	1413	2795	0.124469	0.21021	
755	2055	1034	2327	0.104598	0.21135	
805	2055	1361	2703	0.123802	0.21135	
855	2055	1269	2391	0.132782	0.21021	
905	2055	1482	1712	0.247484	0.208689	
955	2055	1145	2519	0.107874	0.207549	
1005	2055	1995	3361	0.153785	0.206789	
1055	2055	1286	2669	0.11671	0.206409	
1105	2055	1205	2531	0.114846	0.206409	
1155	2055	1096	2336	0.112601	0.207549	
1205	2055	1231	2488	0.120937	0.207169	
1255	2055	1176	2385	0.120383	0.21097	
1305	2055	1145	2492	0.109462	0.20907	
1355	2055	0	0	-1.#IND	0.201467	
1405	2055	0	0	-1.#IND	0.200707	
1455	2055	0	0	-1.#IND	0.201087	
1505	2055	0	0	-1.#IND	0.200707	
1555	2055	0	0	-1.#IND	0.200707	
1605	2055	0	0	-1.#IND	0.202988	
1655	2055	0	0	-1.#IND	0.203368	
1705	2055	0	0	-1.#IND	0.201467	
1755	2055	0	0	-1.#IND	0.201847	
1805	2055	0	0	-1.#IND	0.203748	
1855	2055	0	0	-1.#IND	0.227316	
5	2105	0	0	-1.#IND	0.199947	
55	2105	0	0	-1.#IND	0.200327	
105	2105	0	0	-1.#IND	0.201087	
155	2105	0	0	-1.#IND	0.200707	
205	2105	1269	2576	0.120234	0.206789	
255	2105	1164	2674	0.101705	0.207169	
305	2105	0	0	-1.#IND	0.200707	
355	2105	0	0	-1.#IND	0.200327	
405	2105	0	0	-1.#IND	0.199566	
455	2105	0	0	-1.#IND	0.199566	
505	2105	0	0	-1.#IND	0.199186	
555	2105	0	0	-1.#IND	0.200327	
605	2105	0	0	-1.#IND	0.199566	
655	2105	0	0	-1.#IND	0.200327	
705	2105	0	0	-1.#IND	0.225795	
755	2105	0	0	-1.#IND	0.228456	
805	2105	0	0	-1.#IND	0.200327	
855	2105	0	0	-1.#IND	0.200327	
905	2105	0	0	-1.#IND	0.199947	
955	2105	0	0	-1.#IND	0.199947	
1005	2105	0	0	-1.#IND	0.200707	
1055	2105	0	0	-1.#IND	0.202988	
1105	2105	0	0	-1.#IND	0.203748	
1155	2105	0	0	-1.#IND	0.201467	
1205	2105	0	0	-1.#IND	0.199947	
1255	2105	0	0	-1.#IND	0.199566	
1305	2105	0	0	-1.#IND	0.199947	
1355	2105	0	0	-1.#IND	0.202988	
1405	2105	0	0	-1.#IND	0.229596	
1455	2105	0	0	-1.#IND	0.233398	
1505	2105	0	0	-1.#IND	0.231497	
1555	2105	0	0	-1.#IND	0.280533	
1605	2105	0	0	-1.#IND	0.231497	
1655	2105	0	0	-1.#IND	0.234918	
1705	2105	0	0	-1.#IND	0.205268	
1755	2105	0	0	-1.#IND	0.206029	
1805	2105	0	0	-1.#IND	0.255825	
1855	2105	0	0	-1.#IND	0.215912	
