remote-sensing inversion	DierssenImageDiffuse
9	6
Comments: 
02/13/17	19:22:06
Image	debug\gail_15bands_7cm_jun222016_utmz33_reg_clip_new_badpixsmsk_bil_quac_spatialsubset20cm.hdr
Transect	debug\BathymetryImageDierssen_gail_15bands_7cm_jun222016_utmz33_reg_clip_new_badpixsmsk_bil_quac_spatialsubset20cm.txt
Params	Default
Alpha	0.01
NIter	5
Width/Height	5
X	Y	RRS555	RRS670	Depth	T	
5	5	0	0	-1.#IND	9.37278	
55	5	0	0	-1.#IND	8.21567	
105	5	0	0	-1.#IND	8.42969	
155	5	0	0	-1.#IND	10.0007	
205	5	0	0	-1.#IND	7.95833	
255	5	0	0	-1.#IND	9.0128	
305	5	0	0	-1.#IND	7.88534	
355	5	0	0	-1.#IND	7.83707	
405	5	0	0	-1.#IND	7.97581	
455	5	1426.55	3026.35	0.113314	7.90055	
505	5	1303.67	2755.37	0.113885	7.8766	
555	5	1343.84	2585.15	0.129174	8.13091	
605	5	1420.08	2854.47	0.121828	12.3727	
655	5	1307.48	2489.74	0.130932	12.8696	
705	5	1541.7	2981.32	0.128279	7.90283	
755	5	1595.11	3085.8	0.128214	7.92602	
805	5	1462.32	2828.41	0.128244	9.39331	
855	5	1791.91	3436.51	0.129703	9.72098	
905	5	1738.65	3323.56	0.130263	11.5585	
955	5	1412.21	2700.89	0.130178	8.03397	
1005	5	1458.57	2637.8	0.140165	19.1648	
1055	5	729.187	1045.3	0.189203	8.10582	
1105	5	1375.92	2544.25	0.136119	13.2512	
1155	5	711.572	1147.22	0.162804	13.9533	
1205	5	1257.58	2338.05	0.135149	12.2693	
1255	5	1213.85	1649.92	0.202333	9.10745	
1305	5	1437.3	2363.13	0.158728	8.44261	
1355	5	2474.58	3424.76	0.197797	8.34872	
1405	5	1872.23	2879.02	0.173017	8.82882	
1455	5	3942.68	3962.46	0.292769	8.8273	
1505	5	1528.55	2555.06	0.15536	8.24228	
1555	5	0	0	-1.#IND	12.4438	
1605	5	0	0	-1.#IND	9.78674	
1655	5	0	0	-1.#IND	8.99341	
1705	5	0	0	-1.#IND	8.57717	
1755	5	0	0	-1.#IND	8.03207	
1805	5	0	0	-1.#IND	7.94769	
1855	5	0	0	-1.#IND	7.99672	
5	55	0	0	-1.#IND	10.038	
55	55	0	0	-1.#IND	8.11	
105	55	0	0	-1.#IND	9.13178	
155	55	0	0	-1.#IND	11.1392	
205	55	0	0	-1.#IND	7.80248	
255	55	0	0	-1.#IND	11.9451	
305	55	1645.09	2648.06	0.163139	7.92602	
355	55	1368.18	2750.69	0.121795	8.89762	
405	55	1382.88	2655.45	0.129484	8.91853	
455	55	1426.04	2754.36	0.128484	7.85075	
505	55	1400.94	2706.08	0.128472	8.19591	
555	55	1383.99	2712.42	0.126013	9.28991	
605	55	1386.68	2769.31	0.122889	10.0255	
655	55	1437.53	2742.26	0.130622	7.42463	
705	55	1460.1	2910.71	0.123184	7.87204	
755	55	1516.37	3121.72	0.117988	7.8595	
805	55	1468.59	2974.18	0.120612	11.641	
855	55	1440.88	2764.82	0.12961	10.1315	
905	55	1485	2735.3	0.136819	7.91461	
955	55	901.545	1513.1	0.154545	8.07541	
1005	55	1856.05	3469.31	0.134192	10.06	
1055	55	1484.33	2553.81	0.149629	7.97087	
1105	55	1353.47	2389.22	0.144689	7.97429	
1155	55	2643.98	4278.89	0.16201	8.02599	
1205	55	1715.92	3199.16	0.134648	10.8553	
1255	55	1455.44	2362.6	0.161373	8.11836	
1305	55	1944.79	2984.25	0.17349	8.56311	
1355	55	3639.97	3800.32	0.279727	10.8382	
1405	55	2474.57	3522.74	0.190877	13.0836	
1455	55	2194.34	2731.36	0.225788	8.05298	
1505	55	1756.03	1872.25	0.27276	7.81312	
1555	55	377.619	275.767	0.423808	7.82566	
1605	55	0	0	-1.#IND	9.09187	
1655	55	0	0	-1.#IND	7.90169	
1705	55	0	0	-1.#IND	9.4872	
1755	55	0	0	-1.#IND	8.44793	
1805	55	0	0	-1.#IND	7.83707	
1855	55	0	0	-1.#IND	7.83213	
5	105	0	0	-1.#IND	7.83973	
55	105	0	0	-1.#IND	7.84353	
105	105	0	0	-1.#IND	7.98836	
155	105	0	0	-1.#IND	13.845	
205	105	0	0	-1.#IND	8.38977	
255	105	1290.13	2434.74	0.132499	7.94959	
305	105	1293.58	2448.72	0.131963	9.65559	
355	105	1339.46	2636.77	0.125275	7.97353	
405	105	1308.38	2506.93	0.129859	8.18526	
455	105	1351.85	2474.84	0.137928	8.70756	
505	105	1373.7	2643.45	0.129118	12.3366	
555	105	1458.57	2877.57	0.124906	9.19032	
605	105	1487.35	2805.05	0.132616	9.91598	
655	105	1611.71	2982.8	0.135965	9.12038	
705	105	1572.12	2815.75	0.14196	11.4506	
755	105	1620.22	3042.95	0.133349	11.2335	
805	105	1472.49	2779.33	0.132471	9.2405	
855	105	1797.34	3341.48	0.135153	8.02903	
905	105	2066.22	3289.86	0.16545	8.22062	
955	105	1863.57	3054.98	0.159334	7.94578	
1005	105	1152.13	1900.1	0.158097	9.03371	
1055	105	1334.32	2544.58	0.130676	7.83099	
1105	105	1241.37	2376.66	0.129995	7.82224	
1155	105	929.63	1562.26	0.154284	8.25103	
1205	105	315.384	489.881	0.170802	8.69083	
1255	105	0	0	-1.#IND	11.7429	
1305	105	2258.51	3087.97	0.200844	7.90625	
1355	105	3447.6	3861.04	0.25701	8.24418	
1405	105	2527.14	3043.97	0.235123	9.66814	
1455	105	1784.74	1158.93	0.482957	11.0172	
1505	105	0	0	-1.#IND	8.84516	
1555	105	0	0	-1.#IND	9.31196	
1605	105	0	0	-1.#IND	10.0612	
1655	105	0	0	-1.#IND	8.01383	
1705	105	0	0	-1.#IND	8.58592	
1755	105	0	0	-1.#IND	8.32211	
1805	105	0	0	-1.#IND	8.78396	
1855	105	0	0	-1.#IND	12.8943	
5	155	0	0	-1.#IND	8.12444	
55	155	0	0	-1.#IND	7.92906	
105	155	0	0	-1.#IND	8.02219	
155	155	0	0	-1.#IND	9.3207	
205	155	0	0	-1.#IND	12.8418	
255	155	1309.13	2580.38	0.125059	7.97011	
305	155	1374.97	2622.21	0.130669	7.83251	
355	155	1519.53	3001.6	0.124697	8.14307	
405	155	1304.95	2668.54	0.119054	8.09251	
455	155	1456.09	2731.7	0.133542	7.93096	
505	155	1478.67	2765.43	0.134094	9.91256	
555	155	1403.38	2925.08	0.116042	9.862	
605	155	1579.98	3083.98	0.126698	9.62822	
655	155	1617.48	3201.09	0.124386	10.9898	
705	155	1674.35	3322.32	0.123952	12.5168	
755	155	1840.14	3465.68	0.132855	7.95149	
805	155	1240.02	2366.31	0.130562	11.2191	
855	155	1592.6	3151.16	0.124422	8.10468	
905	155	803.973	1114.22	0.197452	9.4948	
955	155	1870.71	3014	0.162945	8.98923	
1005	155	1200.13	2095.44	0.14678	11.1499	
1055	155	1236.09	1993.51	0.162737	9.556	
1105	155	2226.87	3534.65	0.166114	8.78929	
1155	155	0	0	-1.#IND	8.50153	
1205	155	2447.06	3320.07	0.202799	11.0822	
1255	155	1172.23	1272.91	0.266803	13.4781	
1305	155	2241.58	2934.99	0.21203	7.999	
1355	155	1973.52	1529.03	0.396389	8.00927	
1405	155	0	0	-1.#IND	8.30348	
1455	155	0	0	-1.#IND	7.86368	
1505	155	0	0	-1.#IND	7.90473	
1555	155	0	0	-1.#IND	8.10772	
1605	155	0	0	-1.#IND	7.86748	
1655	155	0	0	-1.#IND	7.84581	
1705	155	0	0	-1.#IND	7.91461	
1755	155	0	0	-1.#IND	8.17462	
1805	155	0	0	-1.#IND	8.13433	
1855	155	0	0	-1.#IND	10.4923	
5	205	0	0	-1.#IND	8.1138	
55	205	0	0	-1.#IND	7.83593	
105	205	0	0	-1.#IND	9.33249	
155	205	0	0	-1.#IND	7.88382	
205	205	0	0	-1.#IND	9.59363	
255	205	1520.45	3029.45	0.123269	8.68095	
305	205	1474.95	2991.63	0.120366	8.04804	
355	205	1546.32	2923.35	0.13219	8.1826	
405	205	1616.82	3133.79	0.127888	8.21301	
455	205	1489.92	2775.29	0.134809	8.27383	
505	205	1515.17	2831.2	0.13425	10.5314	
555	205	1479.5	2743.4	0.13562	9.12304	
605	205	1460.66	2833.43	0.127748	7.93742	
655	205	1456.94	3059.58	0.114876	12.2937	
705	205	1514.99	2911.09	0.129369	9.70121	
755	205	1485.22	2883.49	0.127606	8.06819	
805	205	1757.59	3348.97	0.130821	9.09567	
855	205	1335.04	2279.67	0.15111	10.3744	
905	205	1540.72	2700.26	0.146059	8.30652	
955	205	1933.96	3287.49	0.152002	8.26129	
1005	205	3679.14	3985.49	0.267581	8.22442	
1055	205	3486.66	3714.37	0.27303	10.0277	
1105	205	2278.67	3275.28	0.188561	13.4998	
1155	205	2708.15	3251.53	0.236054	9.88253	
1205	205	2407.12	3104.92	0.216021	9.1945	
1255	205	1856.71	1405.64	0.406927	7.84885	
1305	205	0	0	-1.#IND	8.12787	
1355	205	0	0	-1.#IND	9.75177	
1405	205	0	0	-1.#IND	9.77875	
1455	205	0	0	-1.#IND	9.30474	
1505	205	0	0	-1.#IND	10.78	
1555	205	0	0	-1.#IND	9.32146	
1605	205	0	0	-1.#IND	8.97251	
1655	205	0	0	-1.#IND	7.88649	
1705	205	0	0	-1.#IND	8.90979	
1755	205	0	0	-1.#IND	7.98532	
1805	205	0	0	-1.#IND	8.07655	
1855	205	0	0	-1.#IND	8.01003	
5	255	0	0	-1.#IND	9.24544	
55	255	0	0	-1.#IND	8.87633	
105	255	0	0	-1.#IND	7.90207	
155	255	0	0	-1.#IND	8.11038	
205	255	0	0	-1.#IND	8.04424	
255	255	593.361	899.503	0.17621	8.59884	
305	255	1556.51	3373.1	0.1101	8.11456	
355	255	1528.11	2985.64	0.126533	10.1486	
405	255	1597.2	3140.65	0.12546	11.1575	
455	255	1639.79	2979.32	0.139312	7.8671	
505	255	1564.97	2850.73	0.138838	8.27688	
555	255	1402.69	2906.57	0.11696	8.84592	
605	255	1157.89	2065.13	0.142747	8.13851	
655	255	1555.92	3077.58	0.124476	9.65103	
705	255	1674.25	3362.97	0.121944	7.96441	
755	255	760.792	1235.46	0.161292	11.2153	
805	255	876.302	1545.21	0.144895	12.1374	
855	255	1606.52	3154.95	0.125672	11.7318	
905	255	2047.99	3032.54	0.181574	10.3794	
955	255	3996.45	4098.64	0.285777	8.42855	
1005	255	2376.48	3286.69	0.197971	12.8517	
1055	255	1845.93	2698.25	0.184581	8.03169	
1105	255	1477.68	1679.96	0.252351	12.5677	
1155	255	420.496	304.383	0.428029	10.2208	
1205	255	0	0	-1.#IND	9.69019	
1255	255	0	0	-1.#IND	10.753	
1305	255	0	0	-1.#IND	11.8375	
1355	255	0	0	-1.#IND	8.46808	
1405	255	0	0	-1.#IND	12.028	
1455	255	0	0	-1.#IND	11.801	
1505	255	0	0	-1.#IND	12.67	
1555	255	368.02	283.459	0.399047	11.1339	
1605	255	0	0	-1.#IND	11.5828	
1655	255	0	0	-1.#IND	10.5972	
1705	255	0	0	-1.#IND	10.9241	
1755	255	0	0	-1.#IND	10.0703	
1805	255	0	0	-1.#IND	8.27916	
1855	255	0	0	-1.#IND	8.18108	
5	305	0	0	-1.#IND	9.65863	
55	305	0	0	-1.#IND	11.6456	
105	305	0	0	-1.#IND	8.25483	
155	305	0	0	-1.#IND	8.23734	
205	305	1186.67	1872.61	0.167366	8.31223	
255	305	1812.66	3018.38	0.156135	9.48454	
305	305	958.394	1952.07	0.119691	8.53764	
355	305	621.792	902.693	0.186193	9.53243	
405	305	658.188	910.184	0.197997	11.8691	
455	305	1629.4	3377.12	0.116923	8.02181	
505	305	1487.56	2804.62	0.132668	9.77343	
555	305	1098.76	1882.94	0.150407	9.77609	
605	305	1499.87	2730.5	0.138949	8.96414	
655	305	1093.56	2044.49	0.134155	8.35404	
705	305	1976.18	3127.64	0.166736	8.84364	
755	305	1364.4	2491.61	0.138381	7.88116	
805	305	1962.74	3097.97	0.167318	9.28193	
855	305	4695.65	4434.71	0.315162	8.58934	
905	305	2761.36	3847.22	0.196142	9.45717	
955	305	2520.24	3303.5	0.211738	11.0313	
1005	305	0	0	-1.#IND	9.6267	
1055	305	0	0	-1.#IND	7.83555	
1105	305	0	0	-1.#IND	12.4503	
1155	305	0	0	-1.#IND	8.00014	
1205	305	0	0	-1.#IND	8.60036	
1255	305	0	0	-1.#IND	8.44147	
1305	305	2288.93	1523.75	0.469896	11.2894	
1355	305	0	0	-1.#IND	10.2737	
1405	305	0	0	-1.#IND	10.2623	
1455	305	0	0	-1.#IND	8.19363	
1505	305	0	0	-1.#IND	8.91245	
1555	305	0	0	-1.#IND	8.71364	
1605	305	0	0	-1.#IND	10.7621	
1655	305	0	0	-1.#IND	10.4394	
1705	305	0	0	-1.#IND	8.3377	
1755	305	0	0	-1.#IND	9.46971	
1805	305	0	0	-1.#IND	10.9571	
1855	305	0	0	-1.#IND	10.4432	
5	355	0	0	-1.#IND	10.8496	
55	355	0	0	-1.#IND	10.5747	
105	355	0	0	-1.#IND	9.54954	
155	355	0	0	-1.#IND	9.25646	
205	355	1917.89	3111.82	0.161471	9.56132	
255	355	986.202	1783.26	0.140193	11.1898	
305	355	1225.53	3025.26	0.0921405	11.8003	
355	355	0	0	-1.#IND	10.3102	
405	355	0	0	-1.#IND	10.9967	
455	355	0	0	-1.#IND	8.27193	
505	355	0	0	-1.#IND	9.28041	
555	355	0	0	-1.#IND	10.1642	
605	355	1871.69	3084.11	0.158276	9.69855	
655	355	1323.74	2139.58	0.162272	9.10935	
705	355	2241.2	3167.01	0.19267	8.12711	
755	355	4880.82	4605.63	0.315483	10.6793	
805	355	2443.73	3202.99	0.211756	10.3843	
855	355	2855.34	3542.4	0.226712	9.12722	
905	355	0	0	-1.#IND	10.8123	
955	355	0	0	-1.#IND	10.7884	
1005	355	0	0	-1.#IND	8.73759	
1055	355	0	0	-1.#IND	12.789	
1105	355	0	0	-1.#IND	8.58364	
1155	355	0	0	-1.#IND	8.20351	
1205	355	0	0	-1.#IND	11.5764	
1255	355	0	0	-1.#IND	8.41334	
1305	355	0	0	-1.#IND	9.35035	
1355	355	0	0	-1.#IND	10.1167	
1405	355	0	0	-1.#IND	8.70946	
1455	355	0	0	-1.#IND	11.0035	
1505	355	0	0	-1.#IND	8.84364	
1555	355	0	0	-1.#IND	7.88877	
1605	355	1352.46	1818.87	0.205051	9.12418	
1655	355	2449.47	3392.91	0.197583	10.0217	
1705	355	3223.54	3648.18	0.253754	7.91537	
1755	355	3115.39	3978.31	0.218739	7.94236	
1805	355	2947.7	4253.6	0.187625	7.96745	
1855	355	1995.12	3171.89	0.16577	8.25179	
5	405	0	0	-1.#IND	8.02903	
55	405	0	0	-1.#IND	8.42436	
105	405	0	0	-1.#IND	8.48366	
155	405	0	0	-1.#IND	7.91195	
205	405	857.449	1539.51	0.141504	8.72314	
255	405	1287.47	2198.3	0.151123	9.12228	
305	405	1076.52	2053.95	0.130592	8.8463	
355	405	262.828	379.905	0.187225	8.1674	
405	405	0	0	-1.#IND	8.26699	
455	405	0	0	-1.#IND	9.70463	
505	405	0	0	-1.#IND	7.85417	
555	405	0	0	-1.#IND	11.2198	
605	405	2160.16	3328.24	0.172588	9.54764	
655	405	4910.64	4669.68	0.312623	11.8197	
705	405	2336.94	3045.85	0.213246	8.82616	
755	405	2460.8	3329.08	0.203535	10.3083	
805	405	2956.72	3311.37	0.257003	10.8146	
855	405	1862.06	1229.05	0.474344	10.0213	
905	405	0	0	-1.#IND	8.07921	
955	405	0	0	-1.#IND	7.89561	
1005	405	0	0	-1.#IND	7.93248	
1055	405	0	0	-1.#IND	8.03816	
1105	405	0	0	-1.#IND	7.31249	
1155	405	0	0	-1.#IND	9.61644	
1205	405	0	0	-1.#IND	9.72212	
1255	405	928.66	513.929	0.574278	11.0875	
1305	405	0	0	-1.#IND	9.0588	
1355	405	0	0	-1.#IND	11.208	
1405	405	0	0	-1.#IND	10.986	
1455	405	0	0	-1.#IND	11.2187	
1505	405	0	0	-1.#IND	10.1091	
1555	405	0	0	-1.#IND	7.98266	
1605	405	2606.96	3456.35	0.208744	9.96806	
1655	405	2769.19	3740.47	0.203932	9.68752	
1705	405	3110.73	4762.28	0.174008	8.04006	
1755	405	2816.46	4005.15	0.191136	10.0802	
1805	405	1337.74	2563.92	0.12981	9.20933	
1855	405	1622.79	2869.64	0.144358	8.33047	
5	455	0	0	-1.#IND	9.86923	
55	455	0	0	-1.#IND	9.15193	
105	455	0	0	-1.#IND	8.02827	
155	455	1787.98	2939.18	0.158765	7.88649	
205	455	840.647	1727.46	0.118278	7.99862	
255	455	792.893	1792.21	0.103977	8.33313	
305	455	1258.75	2227.32	0.144237	7.86444	
355	455	679.717	1041.49	0.173816	10.3794	
405	455	1109.39	2173.69	0.126057	10.2889	
455	455	1563.72	3099.46	0.12413	7.91537	
505	455	134.775	206.905	0.173388	8.07807	
555	455	0	0	-1.#IND	9.68714	
605	455	2208.02	3067.41	0.196858	7.87546	
655	455	2292.01	3335.68	0.18561	11.0697	
705	455	1889.09	2381.95	0.222207	8.79689	
755	455	1809.24	2347.1	0.214489	9.69171	
805	455	2011.58	1413.09	0.44265	8.42322	
855	455	0	0	-1.#IND	8.86759	
905	455	0	0	-1.#IND	8.31945	
955	455	0	0	-1.#IND	7.87926	
1005	455	0	0	-1.#IND	7.99026	
1055	455	0	0	-1.#IND	7.66487	
1105	455	0	0	-1.#IND	9.23707	
1155	455	0	0	-1.#IND	8.52396	
1205	455	1548.56	1491.78	0.307872	11.2533	
1255	455	2086.66	1576.73	0.407802	10.2535	
1305	455	0	0	-1.#IND	9.65141	
1355	455	0	0	-1.#IND	9.35453	
1405	455	0	0	-1.#IND	8.02713	
1455	455	0	0	-1.#IND	10.0038	
1505	455	2623.68	3176.7	0.233626	8.49393	
1555	455	2732.35	3421.76	0.224096	8.31869	
1605	455	2892.91	4047.78	0.195087	9.38798	
1655	455	1344.57	2334.14	0.147891	9.37924	
1705	455	1314.95	2337.28	0.143387	8.07237	
1755	455	1294.59	2377.67	0.137343	7.89827	
1805	455	1568.14	2055.76	0.211705	9.60504	
1855	455	1332.87	2620.18	0.125504	8.37077	
5	505	0	0	-1.#IND	8.51179	
55	505	1113.69	1791.97	0.16322	10.26	
105	505	1779.93	3473.84	0.126718	8.18412	
155	505	1750.2	2754.29	0.16796	8.7239	
205	505	1198.28	2140.34	0.14247	9.36974	
255	505	1311.77	2099.51	0.164344	11.9295	
305	505	1383.67	2627.69	0.131402	10.2068	
355	505	1551.03	2938.5	0.131819	10.0433	
405	505	2415.12	3521.93	0.185136	9.53167	
455	505	0	0	-1.#IND	7.86634	
505	505	0	0	-1.#IND	7.89067	
555	505	2568.72	3600.3	0.194668	7.86634	
605	505	2332.48	3063.19	0.211237	10.0848	
655	505	1928.48	2482.89	0.216523	10.6766	
705	505	0	0	-1.#IND	7.91499	
755	505	0	0	-1.#IND	8.13889	
805	505	0	0	-1.#IND	7.94008	
855	505	0	0	-1.#IND	8.34568	
905	505	0	0	-1.#IND	8.0412	
955	505	0	0	-1.#IND	8.37039	
1005	505	2248.06	1555.94	0.450039	9.28231	
1055	505	2150.44	1669.18	0.395557	10.2045	
1105	505	2167.06	1634.92	0.408526	9.6115	
1155	505	0	0	-1.#IND	9.06488	
1205	505	0	0	-1.#IND	10.7393	
1255	505	0	0	-1.#IND	8.7604	
1305	505	3133.88	4021.1	0.217443	10.401	
1355	505	0	0	-1.#IND	9.78446	
1405	505	2805.5	3937.12	0.194359	9.58299	
1455	505	3907.34	3935.31	0.292027	8.08681	
1505	505	3215.73	4214.22	0.211795	12.0675	
1555	505	1806.96	2814.43	0.170202	12.3412	
1605	505	1256.27	2362.8	0.133096	8.33313	
1655	505	1332.57	2456.11	0.136702	8.61443	
1705	505	1410.33	2521.88	0.142264	8.38331	
1755	505	1467.57	2384.19	0.161207	10.1171	
1805	505	1504.12	1267.32	0.360055	9.68334	
1855	505	1373.22	2633.02	0.129738	8.5194	
5	555	1332.34	2089.4	0.168715	9.52065	
55	555	1074.32	1466.97	0.201171	8.45059	
105	555	1698.52	2466.36	0.186144	9.15079	
155	555	1221.67	2011.72	0.15841	8.52548	
205	555	1256.85	2280.42	0.139564	9.46439	
255	555	1188.91	1896.84	0.165019	8.37381	
305	555	2727.99	3955.95	0.186458	10.9781	
355	555	4965.75	4647.75	0.318525	9.76621	
405	555	2355.43	3124.46	0.208612	8.4198	
455	555	2934.99	3797.81	0.215172	8.2267	
505	555	0	0	-1.#IND	8.68209	
555	555	0	0	-1.#IND	8.07351	
605	555	2165.86	1330.44	0.513212	8.49963	
655	555	2239.35	1316.94	0.538027	8.6072	
705	555	0	0	-1.#IND	9.32945	
755	555	0	0	-1.#IND	8.44033	
805	555	2376.69	1502.09	0.497518	7.934	
855	555	2411.6	1586.59	0.476056	7.94312	
905	555	2355.94	1568.28	0.46992	10.3531	
955	555	829.792	546.477	0.475519	7.83669	
1005	555	2031.98	1450.72	0.434706	7.83593	
1055	555	0	0	-1.#IND	11.1388	
1105	555	0	0	-1.#IND	7.9226	
1155	555	0	0	-1.#IND	10.5291	
1205	555	0	0	-1.#IND	8.75735	
1255	555	0	0	-1.#IND	8.37913	
1305	555	2695.42	3585.57	0.207876	7.86216	
1355	555	4646.37	4413.87	0.312999	7.89333	
1405	555	2149.58	2934.37	0.201244	7.85798	
1455	555	2657.17	3741.91	0.19351	8.78244	
1505	555	1434.15	2544.49	0.143732	10.2417	
1555	555	1446.04	2644.6	0.138112	8.01573	
1605	555	1435.79	2661	0.135711	7.98722	
1655	555	1464.89	2613.63	0.142679	8.13471	
1705	555	1347.67	2461.37	0.138358	8.13585	
1755	555	1629.59	3130	0.12944	9.37848	
1805	555	1331.79	1830.65	0.199501	8.77256	
1855	555	1719.35	3289.18	0.130131	9.62822	
5	605	1502.52	2070.7	0.19885	8.54296	
55	605	844.013	1050.24	0.225875	9.07856	
105	605	1341.51	2333.12	0.147536	8.81894	
155	605	2159.5	3355.92	0.170697	8.0009	
205	605	2203.77	3159.19	0.1892	8.0621	
255	605	2603.13	3093.26	0.239074	8.4065	
305	605	2482.35	3238.7	0.212972	9.61074	
355	605	2799.75	3777.71	0.204204	9.94639	
405	605	3239.36	3607.46	0.258773	9.62708	
455	605	2000.84	2933.95	0.183841	10.1376	
505	605	2114.56	1345.3	0.493925	7.88268	
555	605	2210.81	1381.25	0.503821	9.65902	
605	605	2327.54	1403.73	0.523559	8.02827	
655	605	2422.81	1451.33	0.527414	9.41992	
705	605	2459.87	1422.25	0.547968	10.011	
755	605	2443.02	1448.7	0.533222	9.90382	
805	605	2229.57	1457.01	0.479593	10.7013	
855	605	0	0	-1.#IND	8.21453	
905	605	0	0	-1.#IND	10.9005	
955	605	0	0	-1.#IND	8.29892	
1005	605	0	0	-1.#IND	7.83555	
1055	605	0	0	-1.#IND	10.8127	
1105	605	0	0	-1.#IND	10.4664	
1155	605	0	0	-1.#IND	9.76849	
1205	605	1525.71	1866.35	0.230691	14.3984	
1255	605	4913.58	4630.86	0.315939	10.8374	
1305	605	2303.94	3291.34	0.190034	10.8587	
1355	605	3221.95	4519.58	0.194466	10.937	
1405	605	1503.02	2682.14	0.142645	10.1091	
1455	605	1399.66	2441.24	0.146983	11.4984	
1505	605	1277.9	2157.58	0.15335	7.934	
1555	605	1367.33	2384.71	0.146994	7.90511	
1605	605	1597.15	2684.95	0.154216	8.20769	
1655	605	1464.36	2542.66	0.147848	8.19895	
1705	605	1477.84	2588.62	0.146165	8.13205	
1755	605	1272.18	2526.38	0.123817	8.62621	
1805	605	1509.34	2178.51	0.18757	8.33579	
1855	605	1554.63	3068.72	0.124818	9.37886	
5	655	1962.04	3438.87	0.146047	8.81513	
55	655	2340.81	3904.89	0.155769	7.96631	
105	655	2675.28	3653.5	0.201141	9.72326	
155	655	1984.16	2919.67	0.183027	8.54068	
205	655	0	0	-1.#IND	7.8059	
255	655	3449.03	4039.82	0.243331	12.9425	
305	655	2345.18	2989.36	0.21923	7.87052	
355	655	1895.34	2295.37	0.233559	7.96251	
405	655	0	0	-1.#IND	8.67601	
455	655	0	0	-1.#IND	8.80069	
505	655	0	0	-1.#IND	7.78955	
555	655	0	0	-1.#IND	7.47747	
605	655	2452.76	1483.24	0.522033	8.56919	
655	655	2412.81	1475.69	0.515654	7.58847	
705	655	0	0	-1.#IND	8.75507	
755	655	339.277	228.667	0.463513	8.17842	
805	655	0	0	-1.#IND	8.1579	
855	655	0	0	-1.#IND	10.8298	
905	655	0	0	-1.#IND	9.39483	
955	655	0	0	-1.#IND	8.68893	
1005	655	0	0	-1.#IND	9.77267	
1055	655	0	0	-1.#IND	11.546	
1105	655	0	0	-1.#IND	7.84619	
1155	655	4834.46	4762.21	0.299841	7.84809	
1205	655	1975.14	2887.3	0.184567	7.85417	
1255	655	1904.06	2953.5	0.171102	8.20807	
1305	655	1826.27	2826.77	0.171574	9.18082	
1355	655	1377.29	2555.71	0.135492	11.1522	
1405	655	1238.05	2340.61	0.132187	10.2794	
1455	655	1399.44	2596.89	0.135485	8.64028	
1505	655	1300.36	2306.39	0.14379	9.87911	
1555	655	1341.22	2478.42	0.136239	10.6816	
1605	655	1525.64	2681.75	0.145494	12.1401	
1655	655	1387.66	2565.24	0.136169	8.18488	
1705	655	1280.74	2671.02	0.115951	8.15942	
1755	655	1441.29	2727.36	0.132026	8.07465	
1805	655	1418.23	1892.46	0.20707	9.79016	
1855	655	1418.6	2601.79	0.137596	8.03473	
5	705	2211.23	3220.65	0.185425	7.90701	
55	705	1762.8	2567.83	0.185396	7.89903	
105	705	4365.02	4178.18	0.310208	7.85075	
155	705	2139.57	2944.08	0.199238	10.0175	
205	705	2340.72	3366.32	0.188431	7.89637	
255	705	1875.72	2430.83	0.214767	7.82795	
305	705	1709.46	1275.3	0.413743	7.89713	
355	705	0	0	-1.#IND	7.91043	
405	705	0	0	-1.#IND	7.8154	
455	705	0	0	-1.#IND	9.02953	
505	705	2402.43	1441.32	0.526541	8.71592	
555	705	978.276	594.556	0.519201	8.35062	
605	705	2147.59	1519.96	0.438966	7.96973	
655	705	2035.43	1506.06	0.417592	7.84391	
705	705	1903.12	1381.38	0.426717	10.1612	
755	705	0	0	-1.#IND	8.43767	
805	705	0	0	-1.#IND	8.92423	
855	705	0	0	-1.#IND	7.97467	
905	705	0	0	-1.#IND	8.02409	
955	705	0	0	-1.#IND	9.09833	
1005	705	2183.07	3093.76	0.191971	7.95605	
1055	705	5063.31	4888.27	0.307082	7.96023	
1105	705	2388.12	3230.12	0.203585	8.05526	
1155	705	1925.81	2879.66	0.179323	9.86276	
1205	705	2120.57	3121.3	0.18296	9.37962	
1255	705	1159.55	2093.49	0.140477	7.84429	
1305	705	1327.07	2312.57	0.147155	9.22529	
1355	705	1237.87	2400.11	0.12783	8.04158	
1405	705	1347.61	2426.97	0.140936	7.52879	
1455	705	1433.37	2661.5	0.135375	7.72379	
1505	705	1249.84	2522.46	0.121169	8.72428	
1555	705	1434.41	2506.21	0.146648	8.28296	
1605	705	1478.61	2695.33	0.138709	9.10821	
1655	705	1417.73	2674.68	0.132555	9.58717	
1705	705	1469.27	2854.43	0.127493	8.35442	
1755	705	1390.59	2626.12	0.132379	8.17918	
1805	705	1117.76	1429.76	0.218284	9.44196	
1855	705	1388.7	2931.9	0.114051	11.2799	
5	755	4737.92	4383.68	0.322872	11.4247	
55	755	2082.84	2982.03	0.189505	8.28334	
105	755	1681.31	2384.62	0.191775	7.93324	
155	755	2641.42	3009.89	0.251649	7.84239	
205	755	1735.85	1366.23	0.389343	7.8097	
255	755	2045.69	1128.69	0.576128	7.81882	
305	755	2139.95	1185.61	0.573586	9.00026	
355	755	2295.59	1291.48	0.564274	7.86254	
405	755	2427.36	1367.01	0.563654	8.90104	
455	755	1668.42	974.073	0.542261	9.16409	
505	755	2386.05	1495.53	0.50206	8.54258	
555	755	1786.92	1547.25	0.34886	8.99189	
605	755	2187.19	1470.38	0.464823	7.84353	
655	755	1116.27	937.808	0.361263	7.83251	
705	755	1764.53	1549.2	0.343283	9.64153	
755	755	0	0	-1.#IND	9.40053	
805	755	0	0	-1.#IND	10.4774	
855	755	2650.93	3721.62	0.194265	10.1182	
905	755	2521.92	3407.16	0.203879	9.52635	
955	755	5213.9	4754.28	0.328438	8.02903	
1005	755	2294.27	3181.89	0.197275	9.26254	
1055	755	2066.24	2931.22	0.191721	9.91598	
1105	755	2202.77	3207.52	0.185484	10.2934	
1155	755	1268.02	2336.87	0.136723	11.0438	
1205	755	1406.21	2444.27	0.147645	9.52179	
1255	755	1280.38	2390.26	0.134415	9.64571	
1305	755	1282.88	2383.62	0.135259	7.92298	
1355	755	1371.95	2474.09	0.140691	8.02257	
1405	755	1310.78	2499.18	0.130712	7.87774	
1455	755	1317.35	2465.59	0.133961	7.40334	
1505	755	1319.95	2404.98	0.138794	10.095	
1555	755	1308.33	2457.31	0.13334	8.06667	
1605	755	1512.66	2666.01	0.144988	8.04652	
1655	755	1358.82	2602.05	0.12996	9.05689	
1705	755	1415.15	2600.85	0.137221	8.91169	
1755	755	1505.61	2680.53	0.143081	10.666	
1805	755	1326.87	1355.91	0.287008	11.0218	
1855	755	1389.8	2855.45	0.118305	10.4189	
5	805	2295.99	3211.33	0.195181	8.05222	
55	805	0	0	-1.#IND	7.89219	
105	805	0	0	-1.#IND	7.86634	
155	805	1902.97	1064.28	0.567849	9.85326	
205	805	0	0	-1.#IND	10.2136	
255	805	0	0	-1.#IND	9.6632	
305	805	0	0	-1.#IND	9.69589	
355	805	0	0	-1.#IND	8.71364	
405	805	936.073	539.504	0.549841	8.93145	
455	805	2252.33	1317.21	0.54127	9.2462	
505	805	758.138	458.381	0.522134	7.96403	
555	805	227.043	251.463	0.260496	8.77218	
605	805	2095.75	1358.3	0.483968	9.25152	
655	805	2092.42	3082.23	0.182782	9.85174	
705	805	2784.82	3505.19	0.222694	8.64636	
755	805	2890.91	3760.09	0.213796	7.98228	
805	805	2268.15	3206.26	0.192581	8.39433	
855	805	0	0	-1.#IND	7.90625	
905	805	0	0	-1.#IND	7.9302	
955	805	1980.21	2910.1	0.183328	7.94883	
1005	805	2424.53	3406.23	0.194089	7.89561	
1055	805	1388.92	2683.53	0.128428	10.2201	
1105	805	1184.59	2353.17	0.123765	9.02877	
1155	805	1443.25	2661.24	0.136626	10.2486	
1205	805	1318.01	2579.29	0.126263	11.4372	
1255	805	1283.08	2476.99	0.12857	9.52825	
1305	805	1384.27	2564.65	0.135771	8.02599	
1355	805	1336.17	2520.16	0.132601	9.04131	
1405	805	1342.81	2526.17	0.133053	11.4372	
1455	805	1325.6	2429.86	0.137698	8.69387	
1505	805	1442.92	2442.03	0.152874	11.0157	
1555	805	1408.96	2457.93	0.146946	8.85809	
1605	805	988.686	1146.48	0.246337	10.8545	
1655	805	1451.66	1533.81	0.275743	8.64598	
1705	805	1295.98	1071.16	0.368124	8.10962	
1755	805	1456.81	1310.02	0.333834	12.2138	
1805	805	1423.77	2506.88	0.145176	9.84262	
1855	805	1610.51	2528.43	0.168475	10.2022	
5	855	1981.01	2526.18	0.21912	9.84262	
55	855	3616.26	3599.12	0.29619	8.98733	
105	855	0	0	-1.#IND	9.27623	
155	855	0	0	-1.#IND	11.0849	
205	855	516.067	318.353	0.510854	11.2479	
255	855	0	0	-1.#IND	9.80118	
305	855	0	0	-1.#IND	9.55752	
355	855	2488.31	1637.83	0.475808	10.1011	
405	855	2598.94	1837.86	0.439378	7.89903	
455	855	2131.04	1625.1	0.403591	10.0901	
505	855	0	0	-1.#IND	8.42664	
555	855	0	0	-1.#IND	9.65445	
605	855	0	0	-1.#IND	10.8446	
655	855	2863.48	3134.26	0.264247	7.83517	
705	855	1939.03	2592.79	0.206531	11.3924	
755	855	0	0	-1.#IND	8.66042	
805	855	0	0	-1.#IND	9.03067	
855	855	0	0	-1.#IND	9.28383	
905	855	2546.95	3527.32	0.197628	8.13167	
955	855	1486.21	2448.34	0.158325	9.91028	
1005	855	1272.39	2306.56	0.139727	8.46884	
1055	855	1239.85	2331.5	0.133128	9.62746	
1105	855	1249.83	2333.5	0.134395	8.38255	
1155	855	1252.45	2394.04	0.130272	12.3404	
1205	855	1341.54	2677.99	0.122961	7.8766	
1255	855	1458.34	2569.29	0.145062	8.47112	
1305	855	1218.47	935.569	0.400469	8.23012	
1355	855	1126.17	1264.36	0.256236	8.11076	
1405	855	1182.03	1468.19	0.22638	10.4033	
1455	855	1141.87	1520.49	0.207617	8.20237	
1505	855	1498.65	2228.63	0.180586	12.5852	
1555	855	1366.68	2172.75	0.165773	7.9933	
1605	855	1366.43	2614.95	0.13007	8.92575	
1655	855	1299.97	2623.05	0.121205	8.13585	
1705	855	1307.1	2543.9	0.127192	8.76914	
1755	855	1378.08	2645.8	0.129513	8.47036	
1805	855	1415.9	2606.97	0.136892	7.98152	
1855	855	1747.58	2967.26	0.152229	8.48062	
5	905	0	0	-1.#IND	7.89903	
55	905	0	0	-1.#IND	9.21085	
105	905	0	0	-1.#IND	8.23126	
155	905	2510.42	1698.61	0.461506	8.74671	
205	905	0	0	-1.#IND	7.97353	
255	905	557.817	343.34	0.512098	11.538	
305	905	2526.85	1713.89	0.460264	10.2801	
355	905	2471.07	1850.63	0.411934	9.46021	
405	905	0	0	-1.#IND	9.35225	
455	905	0	0	-1.#IND	8.87747	
505	905	0	0	-1.#IND	11.5741	
555	905	0	0	-1.#IND	8.06857	
605	905	2326.83	3065.76	0.210378	10.3683	
655	905	2954.03	3848.2	0.21338	8.41866	
705	905	0	0	-1.#IND	7.82034	
755	905	0	0	-1.#IND	9.52825	
805	905	1969.11	2933.63	0.180163	8.12977	
855	905	1323.65	2377.18	0.141454	7.94693	
905	905	1341.4	2460.33	0.137587	8.44109	
955	905	1278.75	2276.99	0.143053	9.97224	
1005	905	1290.94	2370.28	0.137396	10.2991	
1055	905	1325.55	2454.84	0.135846	11.8573	
1105	905	1298.81	1814.59	0.195456	7.94236	
1155	905	1375.81	1485.27	0.268689	9.05499	
1205	905	1048.49	1205.9	0.248817	7.87584	
1255	905	1178.7	1192.46	0.290472	8.00775	
1305	905	1341.38	2616.66	0.1268	9.23898	
1355	905	1235.17	2740.98	0.106615	8.0986	
1405	905	1359.99	2797.25	0.118132	9.37582	
1455	905	1508.11	2789.06	0.136095	8.86113	
1505	905	1882.62	3014.09	0.164279	9.73808	
1555	905	1967.65	2986.11	0.175964	7.88649	
1605	905	1965.99	3174.58	0.162477	8.73835	
1655	905	1831.18	3194.34	0.146956	11.0214	
1705	905	1860.72	3131.59	0.153989	9.59363	
1755	905	1811.92	3350.33	0.136127	7.93286	
1805	905	2140.44	3457.15	0.162424	7.85455	
1855	905	2093.23	3585.37	0.150504	11.2282	
5	955	0	0	-1.#IND	8.01763	
55	955	0	0	-1.#IND	9.85364	
105	955	0	0	-1.#IND	8.51255	
155	955	0	0	-1.#IND	9.33705	
205	955	0	0	-1.#IND	8.286	
255	955	0	0	-1.#IND	8.40878	
305	955	0	0	-1.#IND	12.1682	
355	955	0	0	-1.#IND	7.82414	
405	955	0	0	-1.#IND	8.14421	
455	955	0	0	-1.#IND	9.42866	
505	955	3066.21	3719.99	0.233047	8.19591	
555	955	2632.91	3559.81	0.203686	10.5687	
605	955	2291.22	3044.46	0.208168	11.422	
655	955	4294.62	4210.88	0.301496	11.216	
705	955	2102.44	3015.45	0.189079	10.3125	
755	955	1116.78	1932.95	0.148466	7.96745	
805	955	1291.11	2244.65	0.147605	8.61215	
855	955	1213.4	2127	0.146024	8.11456	
905	955	1319.24	2362.95	0.141951	8.13851	
955	955	1200.03	2190.22	0.138483	12.5563	
1005	955	1412.78	2525.95	0.142286	10.0156	
1055	955	1439.67	2550.64	0.144001	9.22643	
1105	955	1262.88	1544.97	0.230666	10.834	
1155	955	1397.12	2564.48	0.137449	11.3779	
1205	955	1483.3	2671.07	0.140956	12.3716	
1255	955	1412.76	2572.11	0.138935	12.1663	
1305	955	1672.5	2763.74	0.157694	10.3683	
1355	955	1801.05	3322.44	0.136548	11.3787	
1405	955	1921.72	3398.45	0.144347	13.282	
1455	955	1935.51	3464.29	0.142085	8.02371	
1505	955	1980.91	3339.25	0.153666	8.1807	
1555	955	1766.25	3201.61	0.13974	9.59135	
1605	955	1739.53	3221.81	0.135829	8.23734	
1655	955	1836.3	3178.95	0.148427	9.14851	
1705	955	1626.91	3059.73	0.133106	9.7818	
1755	955	1763.17	3132.26	0.143489	11.3384	
1805	955	1718.78	3032.6	0.144782	7.95795	
1855	955	1744.81	3273.8	0.133519	7.90739	
5	1005	0	0	-1.#IND	7.98874	
55	1005	2687.67	1856.29	0.451096	8.32097	
105	1005	0	0	-1.#IND	9.43702	
155	1005	601.918	453.753	0.408893	8.48937	
205	1005	0	0	-1.#IND	9.51457	
255	1005	0	0	-1.#IND	8.51369	
305	1005	0	0	-1.#IND	8.40156	
355	1005	0	0	-1.#IND	7.8154	
405	1005	0	0	-1.#IND	8.29322	
455	1005	0	0	-1.#IND	8.39053	
505	1005	3589.04	4272.28	0.23856	11.7672	
555	1005	4823.77	4721.36	0.302129	8.0412	
605	1005	2137.66	3095.88	0.186766	7.85075	
655	1005	1281.01	2207.2	0.149345	7.93628	
705	1005	1332.44	2191.07	0.158697	8.78472	
755	1005	1243.41	2149.24	0.148727	13.5211	
805	1005	1259.78	2305.15	0.138018	7.8211	
855	1005	1162.37	2263.65	0.127084	9.1181	
905	1005	1376.69	2440.82	0.143865	7.98418	
955	1005	1264.32	2372.55	0.133496	9.63203	
1005	1005	1422.38	2573.22	0.140102	8.07161	
1055	1005	1142.27	1126.93	0.299296	8.1157	
1105	1005	1402	2643.52	0.132655	9.97148	
1155	1005	1436.6	2739.12	0.130709	8.43463	
1205	1005	1372.6	2572.47	0.133721	8.12254	
1255	1005	1453.51	2664.73	0.137671	11.8953	
1305	1005	1509.54	2718.8	0.140924	7.92146	
1355	1005	1742.33	3084.74	0.14413	10.2463	
1405	1005	1804.43	2980.15	0.157804	8.43729	
1455	1005	1790.57	3299.9	0.136723	8.29436	
1505	1005	1797.8	3042.48	0.152884	9.49328	
1555	1005	1760.68	3150.21	0.142154	8.19819	
1605	1005	1722.23	3232.08	0.133483	7.99216	
1655	1005	1787.27	3216.12	0.141089	8.55475	
1705	1005	1790.64	3333.3	0.134924	8.32477	
1755	1005	1822.35	3183.44	0.146684	8.20199	
1805	1005	1771.62	3215.32	0.139513	8.0393	
1855	1005	1750.42	3185.03	0.13904	9.64761	
5	1055	0	0	-1.#IND	10.7697	
55	1055	1391.27	957.417	0.452925	8.86759	
105	1055	0	0	-1.#IND	8.37229	
155	1055	0	0	-1.#IND	8.00432	
205	1055	0	0	-1.#IND	8.00356	
255	1055	0	0	-1.#IND	7.84163	
305	1055	0	0	-1.#IND	8.04728	
355	1055	3069.92	4429.87	0.18763	7.99254	
405	1055	2690.49	3685.11	0.200398	11.4251	
455	1055	4755.56	4767.99	0.293605	8.24456	
505	1055	2043.66	2813.37	0.199126	8.80981	
555	1055	1206.44	2086.6	0.148608	8.7737	
605	1055	1205.97	2366.03	0.125836	8.91701	
655	1055	1322.92	2536.09	0.129772	7.92184	
705	1055	1491.45	2452.99	0.158659	10.1855	
755	1055	1326.66	2360.67	0.143181	7.82528	
805	1055	1319.76	2392.01	0.13976	7.97277	
855	1055	1297.91	2302.17	0.14378	8.81513	
905	1055	1513.75	2539.57	0.154625	11.9603	
955	1055	1516.29	2553.4	0.153872	8.86911	
1005	1055	1621.77	2737.79	0.153378	7.98456	
1055	1055	1466	2361.6	0.162977	7.82947	
1105	1055	1447.29	2702.04	0.134403	7.84125	
1155	1055	1502.09	2582.78	0.149749	10.068	
1205	1055	1313.43	2295.4	0.146602	8.10354	
1255	1055	1429.85	2699.06	0.132457	8.05754	
1305	1055	1342.46	2657.94	0.124315	8.25217	
1355	1055	1773.35	2983.53	0.154056	8.01687	
1405	1055	1800.26	3134.71	0.147305	11.3897	
1455	1055	1784.87	3073.82	0.149443	8.08111	
1505	1055	1850.98	3244.96	0.146003	9.62899	
1555	1055	1743.66	3053.23	0.146228	13.2657	
1605	1055	1686.6	3174.56	0.132963	7.84885	
1655	1055	1822.49	3220.48	0.144493	8.01991	
1705	1055	1728.85	3104.65	0.141469	8.37875	
1755	1055	1842.01	3171.74	0.149473	8.19705	
1805	1055	1786.09	3082.75	0.149011	10.5983	
1855	1055	1790.46	3220.53	0.141166	11.4741	
5	1105	0	0	-1.#IND	7.8116	
55	1105	1989.11	2102.54	0.275607	13.5321	
105	1105	0	0	-1.#IND	9.02002	
155	1105	0	0	-1.#IND	8.01079	
205	1105	2814.5	3813.91	0.203111	9.49138	
255	1105	2528.13	3444.01	0.201768	9.9673	
305	1105	2435.82	2923.51	0.236157	8.2324	
355	1105	4634.18	4664.02	0.292275	7.9302	
405	1105	2157.24	2955.23	0.200355	8.09936	
455	1105	1578.64	2256.04	0.189944	9.86276	
505	1105	1410.74	2326.59	0.158098	8.03968	
555	1105	1206.58	2130.06	0.144677	8.16056	
605	1105	1311.55	2239.25	0.151137	7.97087	
655	1105	1530.24	2543.79	0.156478	10.4139	
705	1105	1408.45	2420.54	0.149848	7.9207	
755	1105	1292.98	2315.33	0.141998	10.2414	
805	1105	1355.76	2370.36	0.146522	7.98152	
855	1105	1661.82	2658.32	0.16446	7.97962	
905	1105	1759.62	2862.18	0.160949	8.11152	
955	1105	1371.07	2395.4	0.14666	8.35708	
1005	1105	1130	1261.46	0.258014	8.05488	
1055	1105	1448.15	2669.28	0.136694	7.9302	
1105	1105	1374.7	2462.12	0.141964	7.95263	
1155	1105	1385.18	2547.01	0.137133	7.96441	
1205	1105	1333.18	2385.9	0.142108	7.99634	
1255	1105	1345.36	2393.28	0.143234	7.89409	
1305	1105	1323.58	2520.16	0.130948	7.89181	
1355	1105	1774.6	2911.93	0.159137	9.68524	
1405	1105	1777.32	3389.63	0.130664	7.93476	
1455	1105	1731.98	3131.41	0.140214	8.39547	
1505	1105	1800.93	2798.83	0.170687	9.99885	
1555	1105	1773.03	2956.01	0.155887	7.86216	
1605	1105	1659.93	2939.14	0.144112	8.14193	
1655	1105	1769.79	3124.36	0.144674	7.83669	
1705	1105	1779.24	3200.26	0.141171	7.98342	
1755	1105	1771.47	3279.01	0.135936	8.13167	
1805	1105	1721.18	3239.1	0.132992	8.12482	
1855	1105	1690.02	3191.63	0.132377	8.37761	
5	1155	0	0	-1.#IND	9.21579	
55	1155	1587.47	2369.81	0.179702	8.08605	
105	1155	2362.35	3313.42	0.194493	8.43995	
155	1155	2926.41	3875.18	0.209061	8.5289	
205	1155	5726.26	5507.35	0.308464	8.61063	
255	1155	5416.39	5126.8	0.314337	8.12254	
305	1155	2107.9	2829.11	0.205571	8.07807	
355	1155	1762.35	2511.72	0.190601	7.97772	
405	1155	1363.31	2314.13	0.152286	9.78446	
455	1155	1597.27	2382.97	0.179843	7.91728	
505	1155	1454.75	2347.56	0.16261	8.12901	
555	1155	1633.98	2507.18	0.173501	7.86482	
605	1155	1375.81	2250.9	0.159746	7.84961	
655	1155	1379.98	2372.06	0.149812	7.823	
705	1155	1384.79	2302.49	0.156436	7.83973	
755	1155	1377.71	2448.87	0.143384	7.9819	
805	1155	1305.68	2332.79	0.142421	11.7896	
855	1155	2085.58	2811.22	0.204465	7.91499	
905	1155	1525.79	2551.6	0.155268	7.95377	
955	1155	1082.2	1338.28	0.227617	8.63495	
1005	1155	1396.89	2225.38	0.165332	7.95529	
1055	1155	1349.44	2453.97	0.139148	7.94426	
1105	1155	1341.32	2448.19	0.138476	8.39167	
1155	1155	1394.79	2466.89	0.144325	10.0623	
1205	1155	1303.94	2349.18	0.140868	8.01725	
1255	1155	1385.58	2525.28	0.138743	7.87052	
1305	1155	1426.87	2576.06	0.140481	7.90511	
1355	1155	1653.54	3005.1	0.139263	7.86254	
1405	1155	1647.18	3295.61	0.122587	7.87356	
1455	1155	1684.72	3169.14	0.133068	7.84201	
1505	1155	1995.21	3137.77	0.168104	7.82414	
1555	1155	1735.88	2905.2	0.155111	7.88991	
1605	1155	1790.25	3077.18	0.149817	7.85531	
1655	1155	1748.14	3212	0.137268	7.98456	
1705	1155	1838.08	3071.94	0.155394	7.93096	
1755	1155	1814.68	3197.62	0.145029	7.84277	
1805	1155	1676.89	3349	0.122883	7.81996	
1855	1155	1752.77	3480.18	0.123844	8.43425	
5	1205	0	0	-1.#IND	8.77142	
55	1205	2907.05	3874.97	0.207347	8.31337	
105	1205	4932.17	4532.18	0.325485	8.41562	
155	1205	2214.1	3289.23	0.180819	8.31565	
205	1205	3553.2	4066.49	0.25032	8.46238	
255	1205	2690.31	3407.84	0.220944	8.52814	
305	1205	4454.11	4420.13	0.297216	8.3377	
355	1205	1389.36	2280.93	0.159033	10.6838	
405	1205	1330	2264.72	0.151662	7.99862	
455	1205	1614.23	2489.26	0.172397	7.84163	
505	1205	1666.44	2576.03	0.17186	7.95947	
555	1205	1373.54	2239.07	0.160495	7.91613	
605	1205	1125.56	2034.35	0.140274	8.10886	
655	1205	1568.18	2597.32	0.157225	7.83517	
705	1205	1400.73	2443.86	0.146924	7.8861	
755	1205	1464.27	2525.68	0.149135	7.82186	
805	1205	1386.39	2416.26	0.147129	8.24875	
855	1205	1657.27	2516.68	0.17582	7.83175	
905	1205	1423.09	2452.37	0.149317	7.83897	
955	1205	1332.05	2480.65	0.13485	8.33808	
1005	1205	1286.14	1324.7	0.284311	9.09681	
1055	1205	1316.12	2476.5	0.133016	8.03397	
1105	1205	1298.68	2470.6	0.131098	8.21643	
1155	1205	1385.96	2538.91	0.137812	8.28828	
1205	1205	1337.85	2453.75	0.137592	7.89561	
1255	1205	1379.12	2575.11	0.134379	8.06857	
1305	1205	1650.43	2727.66	0.157666	7.96289	
1355	1205	1910.26	3200.53	0.154892	7.82681	
1405	1205	1714.25	3292.26	0.129458	7.82452	
1455	1205	1646.45	3193.96	0.127741	7.81958	
1505	1205	1808.53	3343.36	0.136164	7.89941	
1555	1205	1616.56	3066.76	0.131585	7.93438	
1605	1205	1742.41	3338.95	0.129839	7.88002	
1655	1205	1736.67	3341.43	0.129144	7.99216	
1705	1205	1836.92	3247.47	0.144406	7.9207	
1755	1205	1547.48	3024.84	0.126458	7.91347	
1805	1205	1427.2	3112.72	0.10915	7.9188	
1855	1205	1772.21	3650.05	0.117917	8.31033	
5	1255	0	0	-1.#IND	9.07134	
55	1255	0	0	-1.#IND	8.10924	
105	1255	2151.69	3010.67	0.195086	7.40334	
155	1255	2493.03	3555.64	0.190428	7.66297	
205	1255	3939.86	4324.65	0.263343	8.2993	
255	1255	2341.99	3254.85	0.196758	7.93248	
305	1255	2911.55	4069.49	0.195352	7.84391	
355	1255	1994.21	2707.95	0.202583	7.84657	
405	1255	1492.37	2403.38	0.163038	7.83023	
455	1255	1444.9	2427.37	0.154351	7.96897	
505	1255	1396.11	2345.29	0.154361	8.14497	
555	1255	1236.1	2161.82	0.146462	7.98304	
605	1255	1069.84	2149.11	0.12193	9.43816	
655	1255	1314.23	2372.1	0.140527	9.87493	
705	1255	1293.83	2124.31	0.159014	8.17158	
755	1255	1288.35	2359.89	0.137827	7.85075	
805	1255	1382.02	2364.03	0.150765	7.92944	
855	1255	1454.27	2486.17	0.15088	7.92602	
905	1255	1583.46	2754.08	0.147524	8.02523	
955	1255	1513.34	2725.99	0.1409	9.35149	
1005	1255	1500.08	2454.67	0.159707	9.27129	
1055	1255	932.329	1025.3	0.262749	7.94388	
1105	1255	1295.77	2478.33	0.130168	9.13976	
1155	1255	1319.79	2531.21	0.129695	8.31945	
1205	1255	1315.48	2613.75	0.123729	8.04994	
1255	1255	1266.12	2384.83	0.132837	8.02599	
1305	1255	1373.96	2527.18	0.137075	9.76165	
1355	1255	1781.21	3057.86	0.150059	7.82224	
1405	1255	1608.36	3211.33	0.122924	7.4003	
1455	1255	1788.6	3216.01	0.141234	7.77815	
1505	1255	1739.59	2950.5	0.152444	8.00927	
1555	1255	1691.83	3159.75	0.134337	8.73265	
1605	1255	1789.74	3266.91	0.138461	8.46504	
1655	1255	1672.63	3164.5	0.13206	8.24685	
1705	1255	1863.8	3225.14	0.148512	8.61443	
1755	1255	1878.42	2933.67	0.16961	13.5774	
1805	1255	1595.01	1790.22	0.256326	12.1945	
1855	1255	6864.15	6488.95	0.314805	7.81958	
5	1305	0	0	-1.#IND	7.87128	
55	1305	0	0	-1.#IND	7.82414	
105	1305	2166.93	3020.09	0.196056	8.67487	
155	1305	4360.46	4541.57	0.280537	8.11798	
205	1305	2677.75	3830.28	0.189724	8.07655	
255	1305	2712.12	3902.1	0.188329	7.93704	
305	1305	2306.09	3287.42	0.190545	7.99824	
355	1305	2756.21	3409.02	0.227567	7.87242	
405	1305	1364.16	2258.31	0.157323	7.89219	
455	1305	1183.39	2259.24	0.130486	9.52369	
505	1305	1411.33	2469.63	0.146358	7.94388	
555	1305	1610.37	2524.2	0.168819	7.86862	
605	1305	1236.17	2297.39	0.135214	8.47492	
655	1305	1199.21	2206.69	0.136999	9.08921	
705	1305	1344.26	2401.84	0.142411	8.06933	
755	1305	1473.83	2426.03	0.158488	8.07769	
805	1305	1272.02	2286.09	0.141322	8.36126	
855	1305	1489.94	2593.92	0.147338	7.76066	
905	1305	1483.76	2572.25	0.148155	8.48556	
955	1305	1504	2638.29	0.145885	8.39091	
1005	1305	1433.11	2460.29	0.150057	10.9381	
1055	1305	1623.64	2131.57	0.211327	7.91195	
1105	1305	1578.77	2692.9	0.151327	11.2362	
1155	1305	1478.95	2684.1	0.139516	10.2611	
1205	1305	1244.7	2372.29	0.130777	10.3345	
1255	1305	1299.92	2522.84	0.127667	10.9115	
1305	1305	1369.48	2542.46	0.135403	11.1305	
1355	1305	2179.22	3385.58	0.170762	8.65624	
1405	1305	1611.58	3027.69	0.133293	8.31945	
1455	1305	1873.58	3212.82	0.150279	8.36468	
1505	1305	1834.02	3216.89	0.145905	11.4194	
1555	1305	1814.44	3175.33	0.146339	12.1443	
1605	1305	1828.77	3296.54	0.140766	11.1286	
1655	1305	1901.6	3259.07	0.150388	13.3265	
1705	1305	1910.56	3308.08	0.148394	12.5408	
1755	1305	1693.73	3059.29	0.140393	13.2174	
1805	1305	1878.3	3095	0.158276	12.0975	
1855	1305	3020.65	2980.13	0.29929	11.0586	
5	1355	0	0	-1.#IND	11.4582	
55	1355	0	0	-1.#IND	10.5808	
105	1355	2776.37	2607.28	0.317273	9.26672	
155	1355	2823.17	3892.34	0.198748	8.18869	
205	1355	2456.56	3404.76	0.197435	8.37267	
255	1355	2597.08	3191.74	0.229369	9.63013	
305	1355	2757.33	3754.3	0.201898	9.77952	
355	1355	2435.32	3367.59	0.198006	9.33363	
405	1355	4736.4	4693.86	0.297699	8.27307	
455	1355	1357.52	2265.71	0.155668	9.58451	
505	1355	1092.24	2024.25	0.135714	8.43197	
555	1355	995.848	1969.43	0.124505	10.9678	
605	1355	1077.54	2096.01	0.127281	9.16713	
655	1355	1212.83	2231.27	0.137037	9.0014	
705	1355	1246.38	2311.62	0.135582	9.97794	
755	1355	1466.38	2446.22	0.155766	8.34758	
805	1355	1361.14	2407.86	0.144287	8.03968	
855	1355	1438.22	2394.6	0.156158	8.89496	
905	1355	1399.59	2395.03	0.150688	8.17918	
955	1355	1358.56	2364.39	0.147403	8.66688	
1005	1355	1187.58	1340.18	0.254637	8.64788	
1055	1355	1311.69	2399.53	0.138065	8.45021	
1105	1355	1329.38	2384.76	0.141666	8.19363	
1155	1355	1324.53	2408.2	0.139184	8.09555	
1205	1355	1306.89	2420.64	0.135819	7.90777	
1255	1355	1245.93	2300.18	0.136408	8.20921	
1305	1355	1253.62	2483.59	0.124211	11.343	
1355	1355	1256.99	2397.75	0.130631	8.48328	
1405	1355	1699.74	3196.36	0.133124	7.8842	
1455	1355	1695.6	3129.1	0.136479	8.75964	
1505	1355	1754.74	2947.83	0.154355	8.66042	
1555	1355	4768.14	4877.33	0.286669	9.35035	
1605	1355	4419.26	4632.73	0.278365	8.63762	
1655	1355	1608.95	2927.06	0.139075	7.91842	
1705	1355	1566.06	3079.68	0.125445	7.85722	
1755	1355	1398.1	2929.16	0.115239	7.83403	
1805	1355	1638.18	2932.41	0.142066	7.82643	
1855	1355	1574.58	3355.53	0.112624	7.86558	
5	1405	0	0	-1.#IND	7.8842	
55	1405	0	0	-1.#IND	7.97696	
105	1405	3534.9	4220.72	0.237667	7.83403	
155	1405	3822.38	5059.16	0.209189	7.35241	
205	1405	3429.3	4647.42	0.20309	7.85874	
255	1405	2906.7	3759.74	0.215276	8.73645	
305	1405	3065.05	3937.44	0.217123	7.82072	
355	1405	2300.13	3042.89	0.209315	7.341	
405	1405	1822.48	2503.89	0.199626	7.84619	
455	1405	1583.54	2529.88	0.164729	8.65016	
505	1405	1189.8	2131.82	0.141888	8.30006	
555	1405	1201.02	2339.31	0.127056	8.80487	
605	1405	5456.92	5230.31	0.30972	7.94693	
655	1405	1299.33	2327.37	0.141944	8.74253	
705	1405	1109.98	2137.34	0.129008	9.4355	
755	1405	1206.2	2160.49	0.141949	7.94959	
805	1405	1298.05	1712.81	0.209989	8.12558	
855	1405	1192.46	1720.31	0.187686	7.85607	
905	1405	1086.96	1557.83	0.189258	7.96593	
955	1405	1086.32	1808.24	0.156209	7.84391	
1005	1405	1489.11	2557.13	0.150003	8.05032	
1055	1405	1350.83	2376.82	0.145306	7.86672	
1105	1405	1298.25	2359.84	0.139229	12.5826	
1155	1405	1223.89	2290.39	0.133981	8.02409	
1205	1405	1159.57	2150.58	0.135585	7.82338	
1255	1405	1514.63	2652.9	0.146177	7.84619	
1305	1405	1295.74	2485.89	0.129639	7.81502	
1355	1405	1340.54	2569.67	0.129784	7.92944	
1405	1405	2271.35	2899.39	0.218841	7.9781	
1455	1405	1355.71	2347.73	0.148364	8.26889	
1505	1405	1463.95	2403.47	0.159026	7.8633	
1555	1405	1532.41	2434.2	0.165951	8.28904	
1605	1405	1645.69	2444.57	0.180841	8.04804	
1655	1405	1353.34	2303.59	0.151737	8.50229	
1705	1405	2340.83	3064.35	0.212081	8.19363	
1755	1405	2379.76	3067.42	0.216215	8.2974	
1805	1405	1916.76	2864.77	0.17943	7.95605	
1855	1405	2639.03	3128.52	0.239767	7.93514	
5	1455	0	0	-1.#IND	8.22594	
55	1455	0	0	-1.#IND	9.30816	
105	1455	0	0	-1.#IND	9.5598	
155	1455	3162	4371.96	0.198034	7.90169	
205	1455	2822.03	4002.74	0.19176	7.80894	
255	1455	2574.22	3650.78	0.191791	7.84923	
305	1455	2399.19	3323.86	0.197539	7.823	
355	1455	1904.48	2799.93	0.183234	7.84353	
405	1455	1678.85	2503.19	0.17998	7.92678	
455	1455	1134.98	2049.94	0.140403	7.823	
505	1455	871.978	859.003	0.299818	7.83327	
555	1455	0	0	-1.#IND	7.85684	
605	1455	875.163	935.793	0.27181	7.84011	
655	1455	2967.32	3475.48	0.243342	7.81692	
705	1455	1199.21	2216.17	0.136226	7.82757	
755	1455	1402.33	2628.99	0.133667	7.91385	
805	1455	1219.07	1833.39	0.178011	7.82871	
855	1455	1370.52	2305.68	0.154067	7.84049	
905	1455	1423.36	2424.49	0.151596	7.86672	
955	1455	1350.87	2274.88	0.153869	7.84771	
1005	1455	1337.52	2381.07	0.143096	7.89865	
1055	1455	1136.35	1989.89	0.14622	8.46922	
1105	1455	1226.16	2265.56	0.136259	8.2381	
1155	1455	1219.67	2134.55	0.14633	8.01573	
1205	1455	1301.56	2356.24	0.139977	7.95073	
1255	1455	1422.04	2612.12	0.137317	9.80422	
1305	1455	1361.2	2673.6	0.125646	8.49963	
1355	1455	1235.67	2477.32	0.122253	7.90435	
1405	1455	1387.86	2502.14	0.140738	10.9484	
1455	1455	1293.85	2236.04	0.14876	7.82186	
1505	1455	1212.45	2185.28	0.140791	7.81996	
1555	1455	1430.72	2589.92	0.139988	7.82148	
1605	1455	1245.8	2469.47	0.124119	7.51966	
1655	1455	1204.72	2363.56	0.125838	8.57451	
1705	1455	2557.16	3146.1	0.229062	7.94845	
1755	1455	2339.65	2953.43	0.221893	7.83441	
1805	1455	2427.22	3019.93	0.225908	7.84923	
1855	1455	2551.64	3056.15	0.236763	8.15676	
5	1505	0	0	-1.#IND	7.89751	
55	1505	0	0	-1.#IND	7.91423	
105	1505	3045.9	4056.72	0.207561	8.56577	
155	1505	2180.59	3158.25	0.18675	8.12482	
205	1505	2171.29	3244.11	0.179508	8.70528	
255	1505	2100.65	3165.24	0.177579	8.44489	
305	1505	2122.45	3273.43	0.172366	8.09023	
355	1505	2058.51	3169	0.172771	8.51103	
405	1505	1526.89	2818.36	0.136441	8.08187	
455	1505	1552.1	2652.18	0.150972	8.25065	
505	1505	0	0	-1.#IND	8.06971	
555	1505	815.813	624.72	0.401689	7.9819	
605	1505	534.185	514.53	0.307921	7.83441	
655	1505	723.142	775.438	0.270882	8.43767	
705	1505	1635.25	2808.99	0.14994	7.83783	
755	1505	1446.45	2738	0.13197	7.82947	
805	1505	1133.04	1699.83	0.178571	7.84277	
855	1505	1468.4	2475.77	0.153629	7.9188	
905	1505	1461.95	2530.52	0.148455	8.04348	
955	1505	1238.75	2220.52	0.141805	8.28068	
1005	1505	1120.02	2117.56	0.132179	8.13053	
1055	1505	1054.71	1935.71	0.137473	7.95225	
1105	1505	1337.04	2287.93	0.150694	8.47568	
1155	1505	1288.29	2239.37	0.147637	8.37305	
1205	1505	1390.33	2392.41	0.149602	8.4791	
1255	1505	1303.41	2407.13	0.136346	8.07085	
1305	1505	1257.43	2464.32	0.126018	7.93818	
1355	1505	1228.84	2411.26	0.125811	7.93856	
1405	1505	1514.95	2633.51	0.147627	8.06286	
1455	1505	1306.68	2298.88	0.145327	7.89485	
1505	1505	1332.46	2368.32	0.143394	7.94578	
1555	1505	1344.5	2411.47	0.141697	7.84087	
1605	1505	1276.9	2405.99	0.132775	7.83403	
1655	1505	1220.81	2291.4	0.133458	8.13205	
1705	1505	2472.72	3081.34	0.225473	7.83783	
1755	1505	2373.56	3018.01	0.21991	8.03625	
1805	1505	2579.09	3105.3	0.235239	7.83403	
1855	1505	2621.37	3067.63	0.243601	7.84049	
5	1555	0	0	-1.#IND	7.84961	
55	1555	2261.11	3200.62	0.192254	7.85303	
105	1555	2298.7	3157.14	0.199707	7.83897	
155	1555	2291.2	3354.77	0.184187	7.83555	
205	1555	1683.67	2811.51	0.155564	8.30995	
255	1555	1258.17	2499.63	0.123746	8.53536	
305	1555	1381.58	2567.04	0.135256	8.68133	
355	1555	1293.78	2583.28	0.122921	7.9781	
405	1555	1449	2736.85	0.132352	7.94198	
455	1555	161.324	193.427	0.236453	8.19021	
505	1555	0	0	-1.#IND	8.40308	
555	1555	0	0	-1.#IND	8.65776	
605	1555	527.151	328.233	0.505693	8.37761	
655	1555	684.6	734.277	0.270807	7.98532	
705	1555	5326.53	5499.77	0.283474	7.90283	
755	1555	1274.67	2376.62	0.134639	8.01801	
805	1555	1653.06	2873.97	0.147601	7.89105	
855	1555	1339.79	1871.89	0.195449	7.84163	
905	1555	1352.75	2472.53	0.138219	7.83251	
955	1555	1266.52	2331.34	0.136937	7.84201	
1005	1555	1203.67	1831.33	0.175393	8.50305	
1055	1555	1083.54	1212.21	0.257337	8.64674	
1105	1555	1099.05	1722.25	0.168878	8.24456	
1155	1555	1356.16	2352.7	0.148019	7.95301	
1205	1555	1328.64	2253.18	0.152472	7.94959	
1255	1555	1316.25	2489.95	0.132082	8.59922	
1305	1555	1373.17	2647.77	0.128772	10.7051	
1355	1555	1237.05	2391.26	0.128346	7.94655	
1405	1555	4593.81	4615	0.292909	7.9378	
1455	1555	1282.27	2177.89	0.152166	7.83403	
1505	1555	1259.33	2236.75	0.143526	7.78271	
1555	1555	1406.58	2315.26	0.158495	7.25129	
1605	1555	1302.93	2304.81	0.144294	7.93058	
1655	1555	1253.16	2410.81	0.129166	7.64282	
1705	1555	2268.16	2950.26	0.213782	7.41247	
1755	1555	2481.08	3004.66	0.233566	7.85684	
1805	1555	2519.54	3003.67	0.238123	7.48735	
1855	1555	2669.43	3131.76	0.24285	7.51016	
5	1605	0	0	-1.#IND	8.47492	
55	1605	1405.36	2740.28	0.126873	7.96327	
105	1605	1299.58	2424.77	0.134513	9.39179	
155	1605	1301.16	2552.03	0.125886	8.44793	
205	1605	1418.27	2119.63	0.179442	7.87318	
255	1605	808.5	809.494	0.294089	7.86254	
305	1605	0	0	-1.#IND	7.85151	
355	1605	1091.71	1442.31	0.209668	7.85531	
405	1605	943.257	865.504	0.326039	8.26243	
455	1605	953.163	965.008	0.290215	7.87926	
505	1605	0	0	-1.#IND	7.83859	
555	1605	1091.91	974.811	0.336663	8.06743	
605	1605	953.214	1002.96	0.277133	7.84087	
655	1605	874.987	805.964	0.324567	7.8249	
705	1605	1248.72	2503.63	0.122244	7.83783	
755	1605	1296.73	2390.39	0.136677	7.83669	
805	1605	1310.02	2432.89	0.135343	7.81806	
855	1605	1339.97	2425.46	0.140001	7.81844	
905	1605	1389.84	2495.55	0.141491	7.8116	
955	1605	1272.56	2341.19	0.137035	7.82072	
1005	1605	1318.15	2340.21	0.143609	7.92374	
1055	1605	1419.73	2441.83	0.149695	7.87546	
1105	1605	1322.56	2543.76	0.129205	7.9378	
1155	1605	1018.77	1028.63	0.291159	7.49267	
1205	1605	1348.05	2421.94	0.141382	8.03778	
1255	1605	1203.45	2409.52	0.122471	8.37115	
1305	1605	1401.57	2627.72	0.133657	12.3876	
1355	1605	1355.41	2540.17	0.133727	9.79662	
1405	1605	4676.39	4714.29	0.2917	8.32971	
1455	1605	1564.97	2390.29	0.174525	7.79982	
1505	1605	1272.19	2404.57	0.13223	9.17245	
1555	1605	1422.82	2386.46	0.154672	7.95225	
1605	1605	1286.87	2327.16	0.140174	7.83821	
1655	1605	1245.82	2414.22	0.127922	7.80096	
1705	1605	1320.71	2590.33	0.125888	8.17272	
1755	1605	2426.83	3060.31	0.222179	8.24646	
1805	1605	2534.03	3060.27	0.234366	8.25483	
1855	1605	2588.9	3099.04	0.236925	8.19819	
5	1655	1444.13	2690.03	0.134807	8.19363	
55	1655	1620.17	2441.29	0.177576	10.0962	
105	1655	1113.71	1513.36	0.202408	10.6473	
155	1655	1467.79	2796.89	0.130815	13.5553	
205	1655	1392.25	2745.43	0.124986	9.76317	
255	1655	1462.36	2368.66	0.161829	8.82122	
305	1655	887.955	876.378	0.299153	9.43588	
355	1655	811.626	757.818	0.319431	13.4147	
405	1655	1058.99	1076.13	0.288934	8.24799	
455	1655	1088.49	1134.42	0.280326	8.01459	
505	1655	0	0	-1.#IND	10.5732	
555	1655	1070.52	1185.8	0.260458	8.05716	
605	1655	1080.59	1173.9	0.266664	7.82072	
655	1655	1011.64	947.405	0.318306	10.0007	
705	1655	1277.69	1590.13	0.225832	7.89941	
755	1655	1718.59	2778.23	0.162239	8.87786	
805	1655	1255.11	2316.96	0.136421	10.8659	
855	1655	1348.09	2616.67	0.127644	8.40954	
905	1655	1324.52	2511.53	0.131668	7.88496	
955	1655	1316.62	2333.97	0.143893	7.86862	
1005	1655	1209.57	2269.95	0.133485	8.30957	
1055	1655	1324.02	2377.97	0.141444	7.83973	
1105	1655	1308.98	2339.14	0.142383	7.91537	
1155	1655	1144.13	1279.77	0.257394	7.83745	
1205	1655	1726.19	2937.22	0.151806	7.83441	
1255	1655	1349.6	2433.81	0.140689	7.83023	
1305	1655	1463.62	2873.46	0.125723	8.10278	
1355	1655	2160.8	3519.28	0.160681	8.83338	
1405	1655	1942.31	2971.56	0.174154	8.66765	
1455	1655	1474.2	2323.25	0.167653	8.10088	
1505	1655	1315.28	2449.43	0.134849	7.94845	
1555	1655	1504.14	2461.14	0.159722	7.95111	
1605	1655	1349.4	2428.76	0.141047	7.94883	
1655	1655	1324.85	2511.12	0.13174	8.55855	
1705	1655	1285.97	2551.67	0.123952	8.34948	
1755	1655	2513.92	3084.1	0.229869	12.5852	
1805	1655	2484.23	3087.95	0.226172	9.22377	
1855	1655	2512.02	3024.94	0.235201	11.7083	
5	1705	1288.1	2584.33	0.122134	12.2834	
55	1705	1275.48	2482.96	0.127149	11.0833	
105	1705	1477.99	2676.25	0.139936	9.99163	
155	1705	1160.8	1170.34	0.291661	8.83148	
205	1705	1249.71	2583.33	0.11734	8.7068	
255	1705	1403.04	2673.35	0.130825	8.09555	
305	1705	0	0	-1.#IND	7.96745	
355	1705	381.271	295.562	0.396139	13.3633	
405	1705	1323.24	2764.77	0.115662	10.5713	
455	1705	1614.21	3146.46	0.12693	12.792	
505	1705	0	0	-1.#IND	11.338	
555	1705	1046.3	989.434	0.314684	12.28	
605	1705	1071.92	1057.5	0.299302	12.2005	
655	1705	994.82	905.483	0.329135	9.86999	
705	1705	881.668	874.946	0.297214	12.1846	
755	1705	5160.56	5198.22	0.291979	12.0394	
805	1705	1376.09	2492.87	0.139852	10.4649	
855	1705	1276.54	2342.62	0.137491	7.8211	
905	1705	1442.51	2579.68	0.142245	7.93856	
955	1705	1427.05	2324.47	0.160659	7.88991	
1005	1705	1036.12	1740.32	0.154389	13.5139	
1055	1705	1305.99	2341.45	0.141774	7.95491	
1105	1705	1477.06	1742.1	0.241274	7.92944	
1155	1705	1093.31	1437.42	0.210943	13.3888	
1205	1705	1353.87	2557.43	0.132334	7.95567	
1255	1705	1366.52	2527.57	0.136069	10.1615	
1305	1705	1586.29	2957.71	0.134633	7.95605	
1355	1705	2922.53	4343.01	0.180748	7.85646	
1405	1705	3828.55	4202.17	0.263366	8.32059	
1455	1705	1464.24	2354.14	0.16339	8.43577	
1505	1705	1397.4	2456.47	0.145484	7.96783	
1555	1705	1432.99	2383.71	0.156343	7.96859	
1605	1705	1331.08	2379.82	0.14229	13.3143	
1655	1705	1330.67	2451.17	0.136808	8.13623	
1705	1705	1149.43	2406.14	0.115369	8.37685	
1755	1705	2644.04	3091.49	0.243858	8.30044	
1805	1705	2507.88	3049.67	0.232383	8.06362	
1855	1705	2403.33	2923.14	0.232324	7.95149	
5	1755	1362.47	2661.14	0.126588	8.00737	
55	1755	1347.46	2628.48	0.126803	12.4431	
105	1755	1378.23	2315.3	0.154356	11.5577	
155	1755	1852.3	2723.73	0.18319	7.80058	
205	1755	1545.35	2772.69	0.141632	7.9454	
255	1755	1628.96	2885.39	0.144041	7.94845	
305	1755	80.8803	73.8318	0.328014	7.83555	
355	1755	0	0	-1.#IND	7.85151	
405	1755	0	0	-1.#IND	7.94464	
455	1755	1316.74	1600.22	0.232558	8.10544	
505	1755	471.689	469.645	0.296047	8.14421	
555	1755	1052.77	1042.63	0.29793	8.31375	
605	1755	1044.18	1007.42	0.307321	8.06476	
655	1755	983.712	968.041	0.300198	8.15599	
705	1755	1410.22	2516.22	0.142669	8.0412	
755	1755	3580.28	4032.24	0.25526	9.20895	
805	1755	1430.44	2506.49	0.146097	8.03207	
855	1755	1204.34	1325.54	0.262485	8.79537	
905	1755	1098.7	980.348	0.336876	7.8614	
955	1755	1043.37	1230.01	0.241413	9.57957	
1005	1755	1031.67	1143.58	0.260235	13.3299	
1055	1755	1266.33	1382.83	0.265	7.80552	
1105	1755	1240.97	1996.59	0.163241	7.88268	
1155	1755	1518.14	2688.97	0.14405	7.8059	
1205	1755	1393.29	2573.41	0.136326	7.88306	
1255	1755	1323.92	2774.62	0.115189	8.72732	
1305	1755	1361.4	2589.71	0.131112	7.84581	
1355	1755	2637.09	3843.35	0.185276	12.7278	
1405	1755	1293.38	2557.9	0.124501	7.94731	
1455	1755	1687.02	2553.85	0.176525	7.8861	
1505	1755	1436.2	2495.73	0.147696	7.98988	
1555	1755	1443.51	2440.72	0.153063	8.34606	
1605	1755	1351.02	2402.72	0.143283	11.5038	
1655	1755	1312.13	2401.35	0.137987	7.87394	
1705	1755	1258.37	2436.79	0.128044	7.91195	
1755	1755	2544.91	2995.99	0.241825	7.93096	
1805	1755	0	0	-1.#IND	8.00737	
1855	1755	0	0	-1.#IND	11.162	
5	1805	1199.9	2474.13	0.117737	8.24837	
55	1805	1318.09	2541.87	0.128752	8.05146	
105	1805	1373.45	2613.95	0.131025	8.05032	
155	1805	1478.9	2816.34	0.13092	8.175	
205	1805	1310.21	2051.43	0.169061	8.0488	
255	1805	1336.99	2660.32	0.123492	10.5139	
305	1805	981.817	959.707	0.302601	8.73949	
355	1805	0	0	-1.#IND	8.00242	
405	1805	93.5951	99.3525	0.274206	7.84999	
455	1805	948.945	857.608	0.331886	8.17196	
505	1805	992.709	875.914	0.3413	8.1769	
555	1805	1008.28	948.761	0.316528	9.12494	
605	1805	1031.4	1153.04	0.257565	8.31223	
655	1805	1486.39	2186.76	0.183075	7.95111	
705	1805	1371.09	2555.27	0.134717	7.97619	
755	1805	1334.11	1358.84	0.288137	8.06705	
805	1805	1336.69	2383.34	0.142801	8.03283	
855	1805	1175.11	2028.64	0.148971	8.12102	
905	1805	1302.83	2474.89	0.131351	8.08035	
955	1805	1157.58	2221.49	0.129587	7.84961	
1005	1805	1236.26	2303.03	0.134791	7.84505	
1055	1805	1218.85	2392.48	0.125753	13.0516	
1105	1805	1337.1	2384.36	0.142779	8.84973	
1155	1805	1375.56	2430.58	0.144504	11.9329	
1205	1805	1549.93	2824.2	0.138783	10.6549	
1255	1805	2176.88	3390.01	0.17024	11.1229	
1305	1805	1821.3	3115.76	0.150746	9.27509	
1355	1805	1527.32	2918.64	0.13032	9.25456	
1405	1805	4804.82	4997.84	0.280979	8.76876	
1455	1805	1726.52	2777.08	0.163294	8.09936	
1505	1805	1336.94	2426.42	0.139512	8.1062	
1555	1805	1479.29	2544.05	0.149712	8.14459	
1605	1805	1444.97	2645.29	0.13793	12.2351	
1655	1805	1262.55	2367.08	0.133657	11.6425	
1705	1805	1234.59	2456.62	0.123489	10.4208	
1755	1805	0	0	-1.#IND	12.6913	
1805	1805	0	0	-1.#IND	11.067	
1855	1805	0	0	-1.#IND	8.77484	
5	1855	1257.59	2595.75	0.117574	11.2723	
55	1855	1299.16	2598.8	0.122619	13.6051	
105	1855	1369.22	2586.97	0.132297	8.17044	
155	1855	1520.05	2628.81	0.148623	8.7737	
205	1855	1377.51	2563.26	0.134992	7.82681	
255	1855	1248.16	2525.15	0.120779	11.175	
305	1855	0	0	-1.#IND	12.0196	
355	1855	0	0	-1.#IND	12.808	
405	1855	0	0	-1.#IND	13.742	
455	1855	0	0	-1.#IND	13.8111	
505	1855	889.062	822.483	0.32292	9.95361	
555	1855	953.248	1125.43	0.240978	12.9467	
605	1855	1057.89	1192.1	0.255087	8.57147	
655	1855	1462.2	2734.26	0.134118	14.4752	
705	1855	1326.1	2186.62	0.158134	10.5626	
755	1855	1368.7	2200.3	0.163411	12.8289	
805	1855	1231.91	2395.47	0.127339	15.2457	
855	1855	1484.74	2419.57	0.160561	14.2677	
905	1855	1314.45	2636.41	0.122183	10.2341	
955	1855	1174.03	2196.66	0.134016	13.9735	
1005	1855	3532.5	4222.01	0.237379	14.1723	
1055	1855	2309.11	3486.22	0.177131	10.3832	
1105	1855	1515.21	2925.61	0.128541	8.30386	
1155	1855	1446.37	2527.16	0.146645	7.79335	
1205	1855	3805.42	4395.75	0.247502	10.1437	
1255	1855	4803.47	4885.16	0.288656	13.4048	
1305	1855	4638.02	4638.12	0.294511	13.409	
1355	1855	4863.78	4911.99	0.291077	12.1321	
1405	1855	5085.59	5196.62	0.287027	13.4154	
1455	1855	3503.71	4178.97	0.237981	14.3437	
1505	1855	1476.04	2533.52	0.150094	9.08008	
1555	1855	1501.08	2457.73	0.159588	11.8683	
1605	1855	897.106	1597.64	0.143026	8.42626	
1655	1855	0	0	-1.#IND	14.4756	
1705	1855	0	0	-1.#IND	12.2165	
1755	1855	0	0	-1.#IND	11.8645	
1805	1855	0	0	-1.#IND	8.26547	
1855	1855	0	0	-1.#IND	8.16246	
5	1905	1259.53	2725.15	0.110339	11.4034	
55	1905	1336.52	2600.29	0.127247	13.4029	
105	1905	1312.31	2306.73	0.145497	13.2869	
155	1905	1110	1778.68	0.164093	9.59059	
205	1905	1482.13	2939.99	0.124004	10.523	
255	1905	1263.6	2564.97	0.120238	13.4816	
305	1905	220.557	316.387	0.18904	9.22871	
355	1905	0	0	-1.#IND	8.98999	
405	1905	0	0	-1.#IND	8.26927	
455	1905	0	0	-1.#IND	8.2822	
505	1905	0	0	-1.#IND	8.96528	
555	1905	909.559	909.566	0.294517	8.49887	
605	1905	1014.66	1166.94	0.24883	11.8584	
655	1905	1329	2348.45	0.144492	13.3903	
705	1905	1354.3	2361.79	0.14701	10.9153	
755	1905	1099.39	2013.4	0.137861	13.3025	
805	1905	1032.25	2104.28	0.119554	12.3936	
855	1905	1132.99	2329.66	0.118178	12.9289	
905	1905	1801.5	2666.72	0.181646	11.9341	
955	1905	3948.51	4341.34	0.262814	8.0507	
1005	1905	5514.39	5637.87	0.286839	9.76089	
1055	1905	4967.21	5014.45	0.291216	9.17587	
1105	1905	4816.45	4937.77	0.285904	8.50457	
1155	1905	4755.17	4903.35	0.283923	8.19135	
1205	1905	3361.94	3927.81	0.24409	8.68475	
1255	1905	1854.19	2890.38	0.170021	8.09441	
1305	1905	1813.6	2900.78	0.164484	8.03587	
1355	1905	1163.23	2127.68	0.138086	7.95339	
1405	1905	999.74	1942.16	0.1275	7.86406	
1455	1905	1671.26	1773.69	0.274275	11.9116	
1505	1905	0	0	-1.#IND	8.38483	
1555	1905	0	0	-1.#IND	9.33743	
1605	1905	0	0	-1.#IND	12.2317	
1655	1905	0	0	-1.#IND	12.1093	
1705	1905	0	0	-1.#IND	11.3266	
1755	1905	0	0	-1.#IND	9.33439	
1805	1905	0	0	-1.#IND	13.5127	
1855	1905	0	0	-1.#IND	8.68893	
5	1955	1291.04	2761.93	0.112038	12.6115	
55	1955	1248.6	2061.05	0.157914	7.8861	
105	1955	1662.06	2624.74	0.167206	8.62089	
155	1955	1306.69	2640.03	0.120996	8.2267	
205	1955	1276.45	2777.76	0.109479	8.17082	
255	1955	1260.32	2688.33	0.112482	11.5365	
305	1955	1336.71	2619.53	0.126029	10.6952	
355	1955	0	0	-1.#IND	13.488	
405	1955	0	0	-1.#IND	11.9116	
455	1955	0	0	-1.#IND	8.85847	
505	1955	0	0	-1.#IND	10.1859	
555	1955	866.409	903.776	0.280024	12.6613	
605	1955	0	0	-1.#IND	8.49089	
655	1955	1308.95	2480.54	0.131772	7.99026	
705	1955	1342.84	2447.76	0.138714	7.91499	
755	1955	1216.82	1371.32	0.255058	7.90321	
805	1955	1300.66	2638.85	0.12032	9.43132	
855	1955	1205.31	2341.77	0.127482	8.46086	
905	1955	1200.32	2325.38	0.12797	8.02789	
955	1955	1285.23	2733.7	0.112913	8.15942	
1005	1955	1240.35	2463.36	0.123804	11.4156	
1055	1955	1125.08	2142.96	0.130886	9.03029	
1105	1955	1284.18	2345.03	0.138388	11.9713	
1155	1955	1153.78	2197.24	0.130918	13.3538	
1205	1955	1239.78	2266.02	0.138222	12.0177	
1255	1955	1150.96	2217.13	0.12894	10.13	
1305	1955	1097.27	2157.4	0.125476	12.9718	
1355	1955	1138.05	2076.68	0.138519	13.2041	
1405	1955	0	0	-1.#IND	7.89371	
1455	1955	0	0	-1.#IND	7.92868	
1505	1955	0	0	-1.#IND	8.29626	
1555	1955	0	0	-1.#IND	9.46097	
1605	1955	0	0	-1.#IND	8.62735	
1655	1955	0	0	-1.#IND	10.0623	
1705	1955	0	0	-1.#IND	7.9914	
1755	1955	0	0	-1.#IND	8.60873	
1805	1955	0	0	-1.#IND	8.0469	
1855	1955	0	0	-1.#IND	8.76648	
5	2005	0	0	-1.#IND	8.77712	
55	2005	1331.44	1688.13	0.220687	8.92651	
105	2005	1232.34	2622.52	0.112837	12.096	
155	2005	1222.63	2741.25	0.105131	10.5892	
205	2005	1178.94	2612.29	0.106832	13.1672	
255	2005	1246.85	2617.72	0.114916	11.5893	
305	2005	1348.56	2713.44	0.121664	12.2792	
355	2005	1231.33	2511.49	0.119468	11.6224	
405	2005	0	0	-1.#IND	8.11608	
455	2005	0	0	-1.#IND	9.82399	
505	2005	835.106	780.425	0.319102	8.46504	
555	2005	838.367	825.256	0.300092	8.68665	
605	2005	866.18	873.309	0.291657	8.13015	
655	2005	1468.08	2532.81	0.149092	9.98858	
705	2005	1455.31	3037.47	0.115829	12.922	
755	2005	1375.63	2232.89	0.161388	14.2228	
805	2005	1286.15	2149.88	0.15536	13.2371	
855	2005	1321.83	2502.8	0.131921	11.9588	
905	2005	1372.72	2739.79	0.122987	13.5344	
955	2005	1267.17	2639.53	0.11614	10.7732	
1005	2005	2179.28	3539.46	0.161264	8.23354	
1055	2005	1310.7	2736.23	0.115795	8.32401	
1105	2005	1215.4	2487.06	0.118947	8.54753	
1155	2005	1166.18	2459.64	0.114206	12.3754	
1205	2005	1104.91	2356.14	0.112526	12.9403	
1255	2005	1099.26	2358.72	0.111585	12.3427	
1305	2005	1096.21	2333.73	0.112778	10.0969	
1355	2005	0	0	-1.#IND	12.8053	
1405	2005	0	0	-1.#IND	15.6247	
1455	2005	0	0	-1.#IND	12.8794	
1505	2005	0	0	-1.#IND	10.8309	
1555	2005	0	0	-1.#IND	11.8006	
1605	2005	0	0	-1.#IND	9.01432	
1655	2005	0	0	-1.#IND	8.7068	
1705	2005	0	0	-1.#IND	8.00927	
1755	2005	0	0	-1.#IND	12.5054	
1805	2005	0	0	-1.#IND	10.8724	
1855	2005	0	0	-1.#IND	7.85569	
5	2055	0	0	-1.#IND	10.0931	
55	2055	0	0	-1.#IND	13.8552	
105	2055	1239.99	2755.19	0.10643	11.8626	
155	2055	1206.84	2684.44	0.106274	10.4276	
205	2055	1188.82	2715.2	0.102515	7.82452	
255	2055	1131.45	2386.83	0.114177	7.84923	
305	2055	1161.65	2309.43	0.123634	9.74568	
355	2055	1309.77	2617	0.122808	9.29485	
405	2055	1266.48	2523.18	0.123285	8.24989	
455	2055	1399.11	2603.44	0.134994	11.9717	
505	2055	999.756	1107.14	0.260539	7.98228	
555	2055	951.24	1046.57	0.262603	7.93476	
605	2055	0	0	-1.#IND	7.86672	
655	2055	744.985	858.325	0.248286	7.83745	
705	2055	1385.36	2690.36	0.127559	8.70338	
755	2055	1173.6	2468.21	0.114647	12.6875	
805	2055	1304.59	2697.98	0.11727	9.07514	
855	2055	1384.87	2480.76	0.141932	11.7691	
905	2055	1439.13	1832.34	0.219543	13.0935	
955	2055	1181.79	2560.93	0.110106	8.85923	
1005	2055	2109.02	3429.77	0.160994	9.1964	
1055	2055	1273.39	2621.76	0.117973	13.0167	
1105	2055	1192.45	2455.84	0.117926	8.63838	
1155	2055	1123.13	2352.86	0.115252	7.91652	
1205	2055	1139.5	2436.6	0.112109	8.18907	
1255	2055	1134.41	2382.35	0.11487	13.5755	
1305	2055	1155.76	2432	0.114564	7.93134	
1355	2055	0	0	-1.#IND	9.92472	
1405	2055	0	0	-1.#IND	13.5998	
1455	2055	0	0	-1.#IND	8.69615	
1505	2055	0	0	-1.#IND	9.55828	
1555	2055	0	0	-1.#IND	9.22871	
1605	2055	0	0	-1.#IND	12.6901	
1655	2055	0	0	-1.#IND	11.5311	
1705	2055	0	0	-1.#IND	10.5478	
1755	2055	0	0	-1.#IND	8.27688	
1805	2055	0	0	-1.#IND	8.02751	
1855	2055	0	0	-1.#IND	11.649	
5	2105	0	0	-1.#IND	7.90929	
55	2105	0	0	-1.#IND	13.2413	
105	2105	0	0	-1.#IND	8.07997	
155	2105	0	0	-1.#IND	8.0621	
205	2105	1243.86	2767.07	0.106259	7.9454	
255	2105	1188.04	2755.63	0.100375	10.5025	
305	2105	0	0	-1.#IND	12.004	
355	2105	0	0	-1.#IND	10.2942	
405	2105	0	0	-1.#IND	13.0691	
455	2105	0	0	-1.#IND	9.99771	
505	2105	0	0	-1.#IND	9.08807	
555	2105	0	0	-1.#IND	12.5153	
605	2105	0	0	-1.#IND	9.5579	
655	2105	0	0	-1.#IND	7.82072	
705	2105	0	0	-1.#IND	13.4667	
755	2105	0	0	-1.#IND	8.17424	
805	2105	0	0	-1.#IND	8.4217	
855	2105	0	0	-1.#IND	13.455	
905	2105	0	0	-1.#IND	12.2374	
955	2105	0	0	-1.#IND	13.4553	
1005	2105	0	0	-1.#IND	9.97604	
1055	2105	0	0	-1.#IND	8.0564	
1105	2105	0	0	-1.#IND	13.2508	
1155	2105	0	0	-1.#IND	12.5525	
1205	2105	0	0	-1.#IND	7.92564	
1255	2105	0	0	-1.#IND	8.04956	
1305	2105	0	0	-1.#IND	8.13319	
1355	2105	0	0	-1.#IND	11.2331	
1405	2105	0	0	-1.#IND	13.206	
1455	2105	0	0	-1.#IND	7.89295	
1505	2105	0	0	-1.#IND	7.92716	
1555	2105	0	0	-1.#IND	8.0488	
1605	2105	0	0	-1.#IND	11.5315	
1655	2105	0	0	-1.#IND	12.1979	
1705	2105	0	0	-1.#IND	7.95225	
1755	2105	0	0	-1.#IND	7.84581	
1805	2105	0	0	-1.#IND	7.96859	
1855	2105	0	0	-1.#IND	8.01611	
