remote-sensing inversion	DierssenImageDiffuse
9	6
Comments: 
02/13/17	19:19:05
Image	debug\gail_15bands_7cm_jun222016_utmz33_reg_clip_new_badpixsmsk_bil_quac_spatialsubset20cm.hdr
Transect	debug\BathymetryImageDierssen_gail_15bands_7cm_jun222016_utmz33_reg_clip_new_badpixsmsk_bil_quac_spatialsubset20cm.txt
Params	Default
Alpha	0.01
NIter	5
Width/Height	5
X	Y	RRS555	RRS670	Depth	T	
5	5	0	0	-1.#IND	7.90017	
55	5	0	0	-1.#IND	8.52434	
105	5	0	0	-1.#IND	8.19743	
155	5	0	0	-1.#IND	9.06298	
205	5	0	0	-1.#IND	7.89333	
255	5	0	0	-1.#IND	10.9765	
305	5	0	0	-1.#IND	10.9416	
355	5	0	0	-1.#IND	14.0848	
405	5	0	0	-1.#IND	12.8068	
455	5	1426.55	3026.35	0.113314	13.8434	
505	5	1303.67	2755.37	0.113885	13.9788	
555	5	1343.84	2585.15	0.129174	11.2221	
605	5	1420.08	2854.47	0.121828	12.0059	
655	5	1307.48	2489.74	0.130932	9.29713	
705	5	1541.7	2981.32	0.128279	9.4929	
755	5	1595.11	3085.8	0.128214	9.3648	
805	5	1462.32	2828.41	0.128244	9.24886	
855	5	1791.91	3436.51	0.129703	9.09263	
905	5	1738.65	3323.56	0.130263	8.74595	
955	5	1412.21	2700.89	0.130178	8.2822	
1005	5	1458.57	2637.8	0.140165	8.10468	
1055	5	729.187	1045.3	0.189203	9.69513	
1105	5	1375.92	2544.25	0.136119	8.41562	
1155	5	711.572	1147.22	0.162804	8.31147	
1205	5	1257.58	2338.05	0.135149	8.40574	
1255	5	1213.85	1649.92	0.202333	9.35757	
1305	5	1437.3	2363.13	0.158728	9.15497	
1355	5	2474.58	3424.76	0.197797	8.43045	
1405	5	1872.23	2879.02	0.173017	8.19971	
1455	5	3942.68	3962.46	0.292769	10.5603	
1505	5	1528.55	2555.06	0.15536	9.21883	
1555	5	0	0	-1.#IND	9.14698	
1605	5	0	0	-1.#IND	8.53042	
1655	5	0	0	-1.#IND	8.00622	
1705	5	0	0	-1.#IND	9.29599	
1755	5	0	0	-1.#IND	9.0109	
1805	5	0	0	-1.#IND	12.7958	
1855	5	0	0	-1.#IND	11.5482	
5	55	0	0	-1.#IND	8.05716	
55	55	0	0	-1.#IND	9.54764	
105	55	0	0	-1.#IND	9.19526	
155	55	0	0	-1.#IND	9.80726	
205	55	0	0	-1.#IND	7.99862	
255	55	0	0	-1.#IND	7.93172	
305	55	1645.09	2648.06	0.163139	9.13216	
355	55	1368.18	2750.69	0.121795	9.84528	
405	55	1382.88	2655.45	0.129484	8.59466	
455	55	1426.04	2754.36	0.128484	9.64723	
505	55	1400.94	2706.08	0.128472	7.98722	
555	55	1383.99	2712.42	0.126013	9.58033	
605	55	1386.68	2769.31	0.122889	8.8197	
655	55	1437.53	2742.26	0.130622	10.7929	
705	55	1460.1	2910.71	0.123184	9.5541	
755	55	1516.37	3121.72	0.117988	8.95958	
805	55	1468.59	2974.18	0.120612	7.90131	
855	55	1440.88	2764.82	0.12961	8.02523	
905	55	1485	2735.3	0.136819	12.0569	
955	55	901.545	1513.1	0.154545	8.27688	
1005	55	1856.05	3469.31	0.134192	7.9264	
1055	55	1484.33	2553.81	0.149629	9.58565	
1105	55	1353.47	2389.22	0.144689	8.40726	
1155	55	2643.98	4278.89	0.16201	9.26786	
1205	55	1715.92	3199.16	0.134648	8.10924	
1255	55	1455.44	2362.6	0.161373	8.43501	
1305	55	1944.79	2984.25	0.17349	8.49811	
1355	55	3639.97	3800.32	0.279727	8.29892	
1405	55	2474.57	3522.74	0.190877	8.37039	
1455	55	2194.34	2731.36	0.225788	8.33161	
1505	55	1756.03	1872.25	0.27276	8.34416	
1555	55	377.619	275.767	0.423808	10.9001	
1605	55	0	0	-1.#IND	11.7292	
1655	55	0	0	-1.#IND	8.28638	
1705	55	0	0	-1.#IND	8.31489	
1755	55	0	0	-1.#IND	8.45744	
1805	55	0	0	-1.#IND	8.3662	
1855	55	0	0	-1.#IND	8.49165	
5	105	0	0	-1.#IND	9.80422	
55	105	0	0	-1.#IND	8.71592	
105	105	0	0	-1.#IND	11.6414	
155	105	0	0	-1.#IND	10.4018	
205	105	0	0	-1.#IND	8.45896	
255	105	1290.13	2434.74	0.132499	7.9971	
305	105	1293.58	2448.72	0.131963	8.80981	
355	105	1339.46	2636.77	0.125275	7.95491	
405	105	1308.38	2506.93	0.129859	9.19868	
455	105	1351.85	2474.84	0.137928	8.00204	
505	105	1373.7	2643.45	0.129118	9.00976	
555	105	1458.57	2877.57	0.124906	7.99938	
605	105	1487.35	2805.05	0.132616	9.53966	
655	105	1611.71	2982.8	0.135965	8.02333	
705	105	1572.12	2815.75	0.14196	7.46569	
755	105	1620.22	3042.95	0.133349	10.1467	
805	105	1472.49	2779.33	0.132471	7.41817	
855	105	1797.34	3341.48	0.135153	8.60911	
905	105	2066.22	3289.86	0.16545	8.35024	
955	105	1863.57	3054.98	0.159334	7.91043	
1005	105	1152.13	1900.1	0.158097	8.33389	
1055	105	1334.32	2544.58	0.130676	8.26927	
1105	105	1241.37	2376.66	0.129995	7.77625	
1155	105	929.63	1562.26	0.154284	8.76724	
1205	105	315.384	489.881	0.170802	7.73824	
1255	105	0	0	-1.#IND	8.71706	
1305	105	2258.51	3087.97	0.200844	8.62887	
1355	105	3447.6	3861.04	0.25701	9.33173	
1405	105	2527.14	3043.97	0.235123	11.5562	
1455	105	1784.74	1158.93	0.482957	9.18424	
1505	105	0	0	-1.#IND	8.68589	
1555	105	0	0	-1.#IND	8.6627	
1605	105	0	0	-1.#IND	9.05537	
1655	105	0	0	-1.#IND	10.0426	
1705	105	0	0	-1.#IND	9.5484	
1755	105	0	0	-1.#IND	10.3174	
1805	105	0	0	-1.#IND	8.34302	
1855	105	0	0	-1.#IND	10.5048	
5	155	0	0	-1.#IND	9.60124	
55	155	0	0	-1.#IND	8.87291	
105	155	0	0	-1.#IND	9.59972	
155	155	0	0	-1.#IND	9.22453	
205	155	0	0	-1.#IND	8.42893	
255	155	1309.13	2580.38	0.125059	9.08464	
305	155	1374.97	2622.21	0.130669	8.54524	
355	155	1519.53	3001.6	0.124697	8.07959	
405	155	1304.95	2668.54	0.119054	10.06	
455	155	1456.09	2731.7	0.133542	10.046	
505	155	1478.67	2765.43	0.134094	9.06298	
555	155	1403.38	2925.08	0.116042	7.91423	
605	155	1579.98	3083.98	0.126698	8.67373	
655	155	1617.48	3201.09	0.124386	9.09795	
705	155	1674.35	3322.32	0.123952	7.88458	
755	155	1840.14	3465.68	0.132855	8.53498	
805	155	1240.02	2366.31	0.130562	8.46694	
855	155	1592.6	3151.16	0.124422	7.90701	
905	155	803.973	1114.22	0.197452	9.6229	
955	155	1870.71	3014	0.162945	13.4546	
1005	155	1200.13	2095.44	0.14678	12.6263	
1055	155	1236.09	1993.51	0.162737	10.7648	
1105	155	2226.87	3534.65	0.166114	8.1157	
1155	155	0	0	-1.#IND	10.3725	
1205	155	2447.06	3320.07	0.202799	12.077	
1255	155	1172.23	1272.91	0.266803	8.63838	
1305	155	2241.58	2934.99	0.21203	8.35138	
1355	155	1973.52	1529.03	0.396389	9.78712	
1405	155	0	0	-1.#IND	8.40764	
1455	155	0	0	-1.#IND	8.79233	
1505	155	0	0	-1.#IND	8.36012	
1555	155	0	0	-1.#IND	8.28942	
1605	155	0	0	-1.#IND	9.61834	
1655	155	0	0	-1.#IND	8.42132	
1705	155	0	0	-1.#IND	10.5861	
1755	155	0	0	-1.#IND	11.8945	
1805	155	0	0	-1.#IND	8.23772	
1855	155	0	0	-1.#IND	7.96023	
5	205	0	0	-1.#IND	9.34997	
55	205	0	0	-1.#IND	8.1845	
105	205	0	0	-1.#IND	8.65282	
155	205	0	0	-1.#IND	10.1178	
205	205	0	0	-1.#IND	10.084	
255	205	1520.45	3029.45	0.123269	8.71896	
305	205	1474.95	2991.63	0.120366	10.539	
355	205	1546.32	2923.35	0.13219	8.51027	
405	205	1616.82	3133.79	0.127888	9.34617	
455	205	1489.92	2775.29	0.134809	8.02751	
505	205	1515.17	2831.2	0.13425	9.70045	
555	205	1479.5	2743.4	0.13562	13.9377	
605	205	1460.66	2833.43	0.127748	12.5966	
655	205	1456.94	3059.58	0.114876	13.0357	
705	205	1514.99	2911.09	0.129369	11.5574	
755	205	1485.22	2883.49	0.127606	12.4982	
805	205	1757.59	3348.97	0.130821	10.8678	
855	205	1335.04	2279.67	0.15111	10.0163	
905	205	1540.72	2700.26	0.146059	8.5441	
955	205	1933.96	3287.49	0.152002	11.1898	
1005	205	3679.14	3985.49	0.267581	8.26091	
1055	205	3486.66	3714.37	0.27303	8.96338	
1105	205	2278.67	3275.28	0.188561	10.8264	
1155	205	2708.15	3251.53	0.236054	10.2938	
1205	205	2407.12	3104.92	0.216021	11.2479	
1255	205	1856.71	1405.64	0.406927	8.94096	
1305	205	0	0	-1.#IND	9.204	
1355	205	0	0	-1.#IND	9.42714	
1405	205	0	0	-1.#IND	12.1945	
1455	205	0	0	-1.#IND	8.10772	
1505	205	0	0	-1.#IND	12.7548	
1555	205	0	0	-1.#IND	14.9268	
1605	205	0	0	-1.#IND	8.20161	
1655	205	0	0	-1.#IND	8.44565	
1705	205	0	0	-1.#IND	9.76735	
1755	205	0	0	-1.#IND	8.48709	
1805	205	0	0	-1.#IND	9.96312	
1855	205	0	0	-1.#IND	8.50951	
5	255	0	0	-1.#IND	9.37506	
55	255	0	0	-1.#IND	8.44489	
105	255	0	0	-1.#IND	8.37875	
155	255	0	0	-1.#IND	8.37229	
205	255	0	0	-1.#IND	8.69273	
255	255	593.361	899.503	0.17621	8.8942	
305	255	1556.51	3373.1	0.1101	7.86178	
355	255	1528.11	2985.64	0.126533	9.20666	
405	255	1597.2	3140.65	0.12546	8.12254	
455	255	1639.79	2979.32	0.139312	8.64256	
505	255	1564.97	2850.73	0.138838	7.9359	
555	255	1402.69	2906.57	0.11696	9.00786	
605	255	1157.89	2065.13	0.142747	8.27878	
655	255	1555.92	3077.58	0.124476	8.11874	
705	255	1674.25	3362.97	0.121944	7.95909	
755	255	760.792	1235.46	0.161292	9.53623	
805	255	876.302	1545.21	0.144895	10.2345	
855	255	1606.52	3154.95	0.125672	8.01953	
905	255	2047.99	3032.54	0.181574	8.3605	
955	255	3996.45	4098.64	0.285777	7.7637	
1005	255	2376.48	3286.69	0.197971	7.69338	
1055	255	1845.93	2698.25	0.184581	8.90674	
1105	255	1477.68	1679.96	0.252351	8.06971	
1155	255	420.496	304.383	0.428029	10.2687	
1205	255	0	0	-1.#IND	8.70034	
1255	255	0	0	-1.#IND	7.91956	
1305	255	0	0	-1.#IND	8.12863	
1355	255	0	0	-1.#IND	8.81095	
1405	255	0	0	-1.#IND	11.0674	
1455	255	0	0	-1.#IND	8.04348	
1505	255	0	0	-1.#IND	9.51153	
1555	255	368.02	283.459	0.399047	7.98608	
1605	255	0	0	-1.#IND	7.98798	
1655	255	0	0	-1.#IND	8.2822	
1705	255	0	0	-1.#IND	7.90131	
1755	255	0	0	-1.#IND	9.67308	
1805	255	0	0	-1.#IND	9.29713	
1855	255	0	0	-1.#IND	9.03105	
5	305	0	0	-1.#IND	9.70805	
55	305	0	0	-1.#IND	10.9632	
105	305	0	0	-1.#IND	9.82057	
155	305	0	0	-1.#IND	7.98228	
205	305	1186.67	1872.61	0.167366	11.3415	
255	305	1812.66	3018.38	0.156135	8.01497	
305	305	958.394	1952.07	0.119691	8.00775	
355	305	621.792	902.693	0.186193	8.42246	
405	305	658.188	910.184	0.197997	8.12406	
455	305	1629.4	3377.12	0.116923	7.90321	
505	305	1487.56	2804.62	0.132668	10.7735	
555	305	1098.76	1882.94	0.150407	7.95681	
605	305	1499.87	2730.5	0.138949	10.5021	
655	305	1093.56	2044.49	0.134155	8.38217	
705	305	1976.18	3127.64	0.166736	8.69691	
755	305	1364.4	2491.61	0.138381	9.28155	
805	305	1962.74	3097.97	0.167318	8.50723	
855	305	4695.65	4434.71	0.315162	11.4296	
905	305	2761.36	3847.22	0.196142	9.30474	
955	305	2520.24	3303.5	0.211738	8.73797	
1005	305	0	0	-1.#IND	7.97696	
1055	305	0	0	-1.#IND	7.97163	
1105	305	0	0	-1.#IND	8.33161	
1155	305	0	0	-1.#IND	7.97696	
1205	305	0	0	-1.#IND	7.94426	
1255	305	0	0	-1.#IND	8.63419	
1305	305	2288.93	1523.75	0.469896	8.51217	
1355	305	0	0	-1.#IND	8.04044	
1405	305	0	0	-1.#IND	7.97163	
1455	305	0	0	-1.#IND	8.28448	
1505	305	0	0	-1.#IND	8.1043	
1555	305	0	0	-1.#IND	9.0071	
1605	305	0	0	-1.#IND	7.90625	
1655	305	0	0	-1.#IND	8.65928	
1705	305	0	0	-1.#IND	9.10821	
1755	305	0	0	-1.#IND	8.13623	
1805	305	0	0	-1.#IND	7.94807	
1855	305	0	0	-1.#IND	9.75215	
5	355	0	0	-1.#IND	8.0545	
55	355	0	0	-1.#IND	8.73759	
105	355	0	0	-1.#IND	7.9454	
155	355	0	0	-1.#IND	9.47351	
205	355	1917.89	3111.82	0.161471	9.68296	
255	355	986.202	1783.26	0.140193	8.2419	
305	355	1225.53	3025.26	0.0921405	8.55437	
355	355	0	0	-1.#IND	8.27878	
405	355	0	0	-1.#IND	9.23213	
455	355	0	0	-1.#IND	8.53232	
505	355	0	0	-1.#IND	8.63305	
555	355	0	0	-1.#IND	9.06222	
605	355	1871.69	3084.11	0.158276	8.38521	
655	355	1323.74	2139.58	0.162272	12.8566	
705	355	2241.2	3167.01	0.19267	8.40384	
755	355	4880.82	4605.63	0.315483	9.67726	
805	355	2443.73	3202.99	0.211756	10.8503	
855	355	2855.34	3542.4	0.226712	8.5251	
905	355	0	0	-1.#IND	9.81031	
955	355	0	0	-1.#IND	9.03067	
1005	355	0	0	-1.#IND	8.2993	
1055	355	0	0	-1.#IND	8.49127	
1105	355	0	0	-1.#IND	8.39471	
1155	355	0	0	-1.#IND	8.22176	
1205	355	0	0	-1.#IND	8.39776	
1255	355	0	0	-1.#IND	10.0076	
1305	355	0	0	-1.#IND	10.688	
1355	355	0	0	-1.#IND	8.68399	
1405	355	0	0	-1.#IND	9.87341	
1455	355	0	0	-1.#IND	8.28524	
1505	355	0	0	-1.#IND	7.45276	
1555	355	0	0	-1.#IND	8.6992	
1605	355	1352.46	1818.87	0.205051	9.72402	
1655	355	2449.47	3392.91	0.197583	8.04652	
1705	355	3223.54	3648.18	0.253754	8.00052	
1755	355	3115.39	3978.31	0.218739	9.63963	
1805	355	2947.7	4253.6	0.187625	11.5638	
1855	355	1995.12	3171.89	0.16577	9.31272	
5	405	0	0	-1.#IND	8.10506	
55	405	0	0	-1.#IND	11.0176	
105	405	0	0	-1.#IND	10.9267	
155	405	0	0	-1.#IND	7.95301	
205	405	857.449	1539.51	0.141504	8.09365	
255	405	1287.47	2198.3	0.151123	9.82399	
305	405	1076.52	2053.95	0.130592	7.94274	
355	405	262.828	379.905	0.187225	8.74633	
405	405	0	0	-1.#IND	10.4022	
455	405	0	0	-1.#IND	9.15459	
505	405	0	0	-1.#IND	8.61823	
555	405	0	0	-1.#IND	9.42334	
605	405	2160.16	3328.24	0.172588	7.97315	
655	405	4910.64	4669.68	0.312623	8.15599	
705	405	2336.94	3045.85	0.213246	7.95947	
755	405	2460.8	3329.08	0.203535	7.95301	
805	405	2956.72	3311.37	0.257003	8.93677	
855	405	1862.06	1229.05	0.474344	8.07541	
905	405	0	0	-1.#IND	8.98125	
955	405	0	0	-1.#IND	10.038	
1005	405	0	0	-1.#IND	11.9603	
1055	405	0	0	-1.#IND	11.4779	
1105	405	0	0	-1.#IND	11.2232	
1155	405	0	0	-1.#IND	8.56767	
1205	405	0	0	-1.#IND	8.65396	
1255	405	928.66	513.929	0.574278	12.7875	
1305	405	0	0	-1.#IND	11.3282	
1355	405	0	0	-1.#IND	9.80194	
1405	405	0	0	-1.#IND	11.5403	
1455	405	0	0	-1.#IND	8.26129	
1505	405	0	0	-1.#IND	9.81107	
1555	405	0	0	-1.#IND	10.0065	
1605	405	2606.96	3456.35	0.208744	10.1308	
1655	405	2769.19	3740.47	0.203932	8.17044	
1705	405	3110.73	4762.28	0.174008	9.46097	
1755	405	2816.46	4005.15	0.191136	9.18424	
1805	405	1337.74	2563.92	0.12981	11.273	
1855	405	1622.79	2869.64	0.144358	10.634	
5	455	0	0	-1.#IND	8.44489	
55	455	0	0	-1.#IND	9.12722	
105	455	0	0	-1.#IND	12.0078	
155	455	1787.98	2939.18	0.158765	8.19097	
205	455	840.647	1727.46	0.118278	7.94845	
255	455	792.893	1792.21	0.103977	9.75709	
305	455	1258.75	2227.32	0.144237	8.03359	
355	455	679.717	1041.49	0.173816	8.36658	
405	455	1109.39	2173.69	0.126057	9.38989	
455	455	1563.72	3099.46	0.12413	8.54638	
505	455	134.775	206.905	0.173388	8.47226	
555	455	0	0	-1.#IND	8.04652	
605	455	2208.02	3067.41	0.196858	11.6216	
655	455	2292.01	3335.68	0.18561	8.4255	
705	455	1889.09	2381.95	0.222207	8.35366	
755	455	1809.24	2347.1	0.214489	11.8835	
805	455	2011.58	1413.09	0.44265	9.31766	
855	455	0	0	-1.#IND	8.45591	
905	455	0	0	-1.#IND	8.37305	
955	455	0	0	-1.#IND	8.27383	
1005	455	0	0	-1.#IND	13.1003	
1055	455	0	0	-1.#IND	12.9273	
1105	455	0	0	-1.#IND	12.6331	
1155	455	0	0	-1.#IND	11.5003	
1205	455	1548.56	1491.78	0.307872	12.6928	
1255	455	2086.66	1576.73	0.407802	13.8165	
1305	455	0	0	-1.#IND	11.9519	
1355	455	0	0	-1.#IND	8.71706	
1405	455	0	0	-1.#IND	8.06971	
1455	455	0	0	-1.#IND	8.07465	
1505	455	2623.68	3176.7	0.233626	7.94883	
1555	455	2732.35	3421.76	0.224096	7.90891	
1605	455	2892.91	4047.78	0.195087	8.03321	
1655	455	1344.57	2334.14	0.147891	7.36533	
1705	455	1314.95	2337.28	0.143387	8.83528	
1755	455	1294.59	2377.67	0.137343	8.90028	
1805	455	1568.14	2055.76	0.211705	9.24962	
1855	455	1332.87	2620.18	0.125504	8.03207	
5	505	0	0	-1.#IND	8.81741	
55	505	1113.69	1791.97	0.16322	7.90663	
105	505	1779.93	3473.84	0.126718	8.10544	
155	505	1750.2	2754.29	0.16796	10.0502	
205	505	1198.28	2140.34	0.14247	8.60568	
255	505	1311.77	2099.51	0.164344	9.15611	
305	505	1383.67	2627.69	0.131402	9.51001	
355	505	1551.03	2938.5	0.131819	8.51331	
405	505	2415.12	3521.93	0.185136	8.23772	
455	505	0	0	-1.#IND	9.06982	
505	505	0	0	-1.#IND	9.38	
555	505	2568.72	3600.3	0.194668	7.90815	
605	505	2332.48	3063.19	0.211237	9.17321	
655	505	1928.48	2482.89	0.216523	7.36267	
705	505	0	0	-1.#IND	10.512	
755	505	0	0	-1.#IND	7.91271	
805	505	0	0	-1.#IND	7.92868	
855	505	0	0	-1.#IND	8.89458	
905	505	0	0	-1.#IND	8.75203	
955	505	0	0	-1.#IND	8.54372	
1005	505	2248.06	1555.94	0.450039	8.13357	
1055	505	2150.44	1669.18	0.395557	7.96783	
1105	505	2167.06	1634.92	0.408526	11.8044	
1155	505	0	0	-1.#IND	8.75469	
1205	505	0	0	-1.#IND	7.90587	
1255	505	0	0	-1.#IND	10.2988	
1305	505	3133.88	4021.1	0.217443	9.06222	
1355	505	0	0	-1.#IND	8.47454	
1405	505	2805.5	3937.12	0.194359	9.44196	
1455	505	3907.34	3935.31	0.292027	8.25331	
1505	505	3215.73	4214.22	0.211795	7.97962	
1555	505	1806.96	2814.43	0.170202	9.08236	
1605	505	1256.27	2362.8	0.133096	9.62556	
1655	505	1332.57	2456.11	0.136702	8.36468	
1705	505	1410.33	2521.88	0.142264	8.29512	
1755	505	1467.57	2384.19	0.161207	8.46656	
1805	505	1504.12	1267.32	0.360055	8.1636	
1855	505	1373.22	2633.02	0.129738	8.40536	
5	555	1332.34	2089.4	0.168715	8.73683	
55	555	1074.32	1466.97	0.201171	9.68676	
105	555	1698.52	2466.36	0.186144	8.22556	
155	555	1221.67	2011.72	0.15841	8.27611	
205	555	1256.85	2280.42	0.139564	8.31565	
255	555	1188.91	1896.84	0.165019	8.33884	
305	555	2727.99	3955.95	0.186458	10.6675	
355	555	4965.75	4647.75	0.318525	8.24646	
405	555	2355.43	3124.46	0.208612	8.28448	
455	555	2934.99	3797.81	0.215172	9.04207	
505	555	0	0	-1.#IND	8.4582	
555	555	0	0	-1.#IND	9.62404	
605	555	2165.86	1330.44	0.513212	10.2714	
655	555	2239.35	1316.94	0.538027	11.6889	
705	555	0	0	-1.#IND	8.05716	
755	555	0	0	-1.#IND	9.64039	
805	555	2376.69	1502.09	0.497518	9.35491	
855	555	2411.6	1586.59	0.476056	8.28448	
905	555	2355.94	1568.28	0.46992	8.54943	
955	555	829.792	546.477	0.475519	8.07921	
1005	555	2031.98	1450.72	0.434706	10.964	
1055	555	0	0	-1.#IND	8.39433	
1105	555	0	0	-1.#IND	8.37115	
1155	555	0	0	-1.#IND	8.6513	
1205	555	0	0	-1.#IND	10.4143	
1255	555	0	0	-1.#IND	10.9077	
1305	555	2695.42	3585.57	0.207876	8.60606	
1355	555	4646.37	4413.87	0.312999	11.0674	
1405	555	2149.58	2934.37	0.201244	11.1917	
1455	555	2657.17	3741.91	0.19351	13.2995	
1505	555	1434.15	2544.49	0.143732	12.6974	
1555	555	1446.04	2644.6	0.138112	13.0361	
1605	555	1435.79	2661	0.135711	8.16246	
1655	555	1464.89	2613.63	0.142679	9.22833	
1705	555	1347.67	2461.37	0.138358	8.48442	
1755	555	1629.59	3130	0.12944	11.6988	
1805	555	1331.79	1830.65	0.199501	13.8431	
1855	555	1719.35	3289.18	0.130131	11.0199	
5	605	1502.52	2070.7	0.19885	11.4186	
55	605	844.013	1050.24	0.225875	12.2173	
105	605	1341.51	2333.12	0.147536	9.01698	
155	605	2159.5	3355.92	0.170697	7.96251	
205	605	2203.77	3159.19	0.1892	8.24	
255	605	2603.13	3093.26	0.239074	8.07313	
305	605	2482.35	3238.7	0.212972	8.48594	
355	605	2799.75	3777.71	0.204204	8.26699	
405	605	3239.36	3607.46	0.258773	9.65521	
455	605	2000.84	2933.95	0.183841	12.973	
505	605	2114.56	1345.3	0.493925	13.0418	
555	605	2210.81	1381.25	0.503821	8.8235	
605	605	2327.54	1403.73	0.523559	10.6154	
655	605	2422.81	1451.33	0.527414	11.698	
705	605	2459.87	1422.25	0.547968	9.99087	
755	605	2443.02	1448.7	0.533222	9.1926	
805	605	2229.57	1457.01	0.479593	9.54156	
855	605	0	0	-1.#IND	12.9171	
905	605	0	0	-1.#IND	11.6277	
955	605	0	0	-1.#IND	9.46401	
1005	605	0	0	-1.#IND	10.3752	
1055	605	0	0	-1.#IND	12.2724	
1105	605	0	0	-1.#IND	9.908	
1155	605	0	0	-1.#IND	7.9876	
1205	605	1525.71	1866.35	0.230691	8.85923	
1255	605	4913.58	4630.86	0.315939	8.13053	
1305	605	2303.94	3291.34	0.190034	11.3551	
1355	605	3221.95	4519.58	0.194466	10.6827	
1405	605	1503.02	2682.14	0.142645	13.2786	
1455	605	1399.66	2441.24	0.146983	11.2422	
1505	605	1277.9	2157.58	0.15335	11.6539	
1555	605	1367.33	2384.71	0.146994	8.10734	
1605	605	1597.15	2684.95	0.154216	10.3117	
1655	605	1464.36	2542.66	0.147848	8.01117	
1705	605	1477.84	2588.62	0.146165	7.90359	
1755	605	1272.18	2526.38	0.123817	7.97315	
1805	605	1509.34	2178.51	0.18757	8.33579	
1855	605	1554.63	3068.72	0.124818	7.90169	
5	655	1962.04	3438.87	0.146047	12.3997	
55	655	2340.81	3904.89	0.155769	12.264	
105	655	2675.28	3653.5	0.201141	9.27813	
155	655	1984.16	2919.67	0.183027	9.1409	
205	655	0	0	-1.#IND	9.73846	
255	655	3449.03	4039.82	0.243331	8.91511	
305	655	2345.18	2989.36	0.21923	9.90762	
355	655	1895.34	2295.37	0.233559	8.03283	
405	655	0	0	-1.#IND	8.70376	
455	655	0	0	-1.#IND	8.11	
505	655	0	0	-1.#IND	8.21301	
555	655	0	0	-1.#IND	11.9995	
605	655	2452.76	1483.24	0.522033	11.8276	
655	655	2412.81	1475.69	0.515654	12.0603	
705	655	0	0	-1.#IND	11.3046	
755	655	339.277	228.667	0.463513	9.35681	
805	655	0	0	-1.#IND	9.0204	
855	655	0	0	-1.#IND	9.30322	
905	655	0	0	-1.#IND	10.6451	
955	655	0	0	-1.#IND	8.41258	
1005	655	0	0	-1.#IND	10.577	
1055	655	0	0	-1.#IND	11.3829	
1105	655	0	0	-1.#IND	9.35795	
1155	655	4834.46	4762.21	0.299841	9.37658	
1205	655	1975.14	2887.3	0.184567	11.4152	
1255	655	1904.06	2953.5	0.171102	12.5396	
1305	655	1826.27	2826.77	0.171574	8.18526	
1355	655	1377.29	2555.71	0.135492	7.91195	
1405	655	1238.05	2340.61	0.132187	7.91119	
1455	655	1399.44	2596.89	0.135485	7.94959	
1505	655	1300.36	2306.39	0.14379	7.96365	
1555	655	1341.22	2478.42	0.136239	7.39156	
1605	655	1525.64	2681.75	0.145494	9.94069	
1655	655	1387.66	2565.24	0.136169	7.90777	
1705	655	1280.74	2671.02	0.115951	7.89333	
1755	655	1441.29	2727.36	0.132026	7.99102	
1805	655	1418.23	1892.46	0.20707	9.27813	
1855	655	1418.6	2601.79	0.137596	9.28383	
5	705	2211.23	3220.65	0.185425	10.2946	
55	705	1762.8	2567.83	0.185396	9.33211	
105	705	4365.02	4178.18	0.310208	11.3783	
155	705	2139.57	2944.08	0.199238	12.7954	
205	705	2340.72	3366.32	0.188431	8.18184	
255	705	1875.72	2430.83	0.214767	7.86824	
305	705	1709.46	1275.3	0.413743	7.91347	
355	705	0	0	-1.#IND	7.90701	
405	705	0	0	-1.#IND	9.56588	
455	705	0	0	-1.#IND	8.20655	
505	705	2402.43	1441.32	0.526541	7.97201	
555	705	978.276	594.556	0.519201	10.0312	
605	705	2147.59	1519.96	0.438966	11.9789	
655	705	2035.43	1506.06	0.417592	12.1872	
705	705	1903.12	1381.38	0.426717	12.2066	
755	705	0	0	-1.#IND	8.72428	
805	705	0	0	-1.#IND	8.78586	
855	705	0	0	-1.#IND	7.98722	
905	705	0	0	-1.#IND	8.14231	
955	705	0	0	-1.#IND	8.08985	
1005	705	2183.07	3093.76	0.191971	10.6492	
1055	705	5063.31	4888.27	0.307082	13.5477	
1105	705	2388.12	3230.12	0.203585	10.3109	
1155	705	1925.81	2879.66	0.179323	8.83224	
1205	705	2120.57	3121.3	0.18296	12.7061	
1255	705	1159.55	2093.49	0.140477	13.163	
1305	705	1327.07	2312.57	0.147155	12.3606	
1355	705	1237.87	2400.11	0.12783	12.5427	
1405	705	1347.61	2426.97	0.140936	11.129	
1455	705	1433.37	2661.5	0.135375	13.0623	
1505	705	1249.84	2522.46	0.121169	12.0219	
1555	705	1434.41	2506.21	0.146648	11.2563	
1605	705	1478.61	2695.33	0.138709	8.22822	
1655	705	1417.73	2674.68	0.132555	12.5978	
1705	705	1469.27	2854.43	0.127493	13.2847	
1755	705	1390.59	2626.12	0.132379	13.5652	
1805	705	1117.76	1429.76	0.218284	11.1723	
1855	705	1388.7	2931.9	0.114051	11.9356	
5	755	4737.92	4383.68	0.322872	7.91347	
55	755	2082.84	2982.03	0.189505	8.86987	
105	755	1681.31	2384.62	0.191775	9.25114	
155	755	2641.42	3009.89	0.251649	7.91537	
205	755	1735.85	1366.23	0.389343	8.35632	
255	755	2045.69	1128.69	0.576128	10.455	
305	755	2139.95	1185.61	0.573586	7.99102	
355	755	2295.59	1291.48	0.564274	12.7072	
405	755	2427.36	1367.01	0.563654	12.6582	
455	755	1668.42	974.073	0.542261	10.0209	
505	755	2386.05	1495.53	0.50206	8.44641	
555	755	1786.92	1547.25	0.34886	8.33465	
605	755	2187.19	1470.38	0.464823	8.23316	
655	755	1116.27	937.808	0.361263	9.8677	
705	755	1764.53	1549.2	0.343283	11.1871	
755	755	0	0	-1.#IND	10.631	
805	755	0	0	-1.#IND	12.9821	
855	755	2650.93	3721.62	0.194265	12.1006	
905	755	2521.92	3407.16	0.203879	13.3421	
955	755	5213.9	4754.28	0.328438	13.0372	
1005	755	2294.27	3181.89	0.197275	8.44679	
1055	755	2066.24	2931.22	0.191721	9.1793	
1105	755	2202.77	3207.52	0.185484	8.11076	
1155	755	1268.02	2336.87	0.136723	8.40916	
1205	755	1406.21	2444.27	0.147645	8.45097	
1255	755	1280.38	2390.26	0.134415	7.97658	
1305	755	1282.88	2383.62	0.135259	8.29056	
1355	755	1371.95	2474.09	0.140691	12.9463	
1405	755	1310.78	2499.18	0.130712	12.4849	
1455	755	1317.35	2465.59	0.133961	10.8142	
1505	755	1319.95	2404.98	0.138794	12.9494	
1555	755	1308.33	2457.31	0.13334	10.7295	
1605	755	1512.66	2666.01	0.144988	8.25065	
1655	755	1358.82	2602.05	0.12996	9.97148	
1705	755	1415.15	2600.85	0.137221	8.63762	
1755	755	1505.61	2680.53	0.143081	8.80221	
1805	755	1326.87	1355.91	0.287008	7.99216	
1855	755	1389.8	2855.45	0.118305	8.44451	
5	805	2295.99	3211.33	0.195181	8.76306	
55	805	0	0	-1.#IND	9.49974	
105	805	0	0	-1.#IND	8.01459	
155	805	1902.97	1064.28	0.567849	9.90458	
205	805	0	0	-1.#IND	13.6857	
255	805	0	0	-1.#IND	12.7696	
305	805	0	0	-1.#IND	13.2524	
355	805	0	0	-1.#IND	12.4446	
405	805	936.073	539.504	0.549841	9.17131	
455	805	2252.33	1317.21	0.54127	9.59249	
505	805	758.138	458.381	0.522134	9.28155	
555	805	227.043	251.463	0.260496	9.6077	
605	805	2095.75	1358.3	0.483968	8.13433	
655	805	2092.42	3082.23	0.182782	8.25445	
705	805	2784.82	3505.19	0.222694	10.5793	
755	805	2890.91	3760.09	0.213796	10.7302	
805	805	2268.15	3206.26	0.192581	8.14459	
855	805	0	0	-1.#IND	11.1324	
905	805	0	0	-1.#IND	10.6124	
955	805	1980.21	2910.1	0.183328	8.39015	
1005	805	2424.53	3406.23	0.194089	8.75165	
1055	805	1388.92	2683.53	0.128428	8.38901	
1105	805	1184.59	2353.17	0.123765	8.6551	
1155	805	1443.25	2661.24	0.136626	10.6325	
1205	805	1318.01	2579.29	0.126263	9.08883	
1255	805	1283.08	2476.99	0.12857	8.54448	
1305	805	1384.27	2564.65	0.135771	8.19553	
1355	805	1336.17	2520.16	0.132601	8.26205	
1405	805	1342.81	2526.17	0.133053	8.19325	
1455	805	1325.6	2429.86	0.137698	9.23707	
1505	805	1442.92	2442.03	0.152874	8.43159	
1555	805	1408.96	2457.93	0.146946	8.78738	
1605	805	988.686	1146.48	0.246337	9.29447	
1655	805	1451.66	1533.81	0.275743	8.14877	
1705	805	1295.98	1071.16	0.368124	8.46276	
1755	805	1456.81	1310.02	0.333834	9.06146	
1805	805	1423.77	2506.88	0.145176	8.07807	
1855	805	1610.51	2528.43	0.168475	8.06476	
5	855	1981.01	2526.18	0.21912	9.94183	
55	855	3616.26	3599.12	0.29619	8.39395	
105	855	0	0	-1.#IND	8.24076	
155	855	0	0	-1.#IND	8.29816	
205	855	516.067	318.353	0.510854	8.46846	
255	855	0	0	-1.#IND	8.39814	
305	855	0	0	-1.#IND	8.10772	
355	855	2488.31	1637.83	0.475808	8.40042	
405	855	2598.94	1837.86	0.439378	10.6492	
455	855	2131.04	1625.1	0.403591	9.04131	
505	855	0	0	-1.#IND	8.06971	
555	855	0	0	-1.#IND	8.30272	
605	855	0	0	-1.#IND	8.21073	
655	855	2863.48	3134.26	0.264247	8.12254	
705	855	1939.03	2592.79	0.206531	11.8052	
755	855	0	0	-1.#IND	9.00102	
805	855	0	0	-1.#IND	8.36126	
855	855	0	0	-1.#IND	8.00851	
905	855	2546.95	3527.32	0.197628	9.8411	
955	855	1486.21	2448.34	0.158325	9.33097	
1005	855	1272.39	2306.56	0.139727	8.98391	
1055	855	1239.85	2331.5	0.133128	8.73265	
1105	855	1249.83	2333.5	0.134395	8.77522	
1155	855	1252.45	2394.04	0.130272	8.53308	
1205	855	1341.54	2677.99	0.122961	9.42448	
1255	855	1458.34	2569.29	0.145062	8.30348	
1305	855	1218.47	935.569	0.400469	9.98554	
1355	855	1126.17	1264.36	0.256236	8.22404	
1405	855	1182.03	1468.19	0.22638	8.68323	
1455	855	1141.87	1520.49	0.207617	8.22366	
1505	855	1498.65	2228.63	0.180586	9.55942	
1555	855	1366.68	2172.75	0.165773	10.4155	
1605	855	1366.43	2614.95	0.13007	8.52206	
1655	855	1299.97	2623.05	0.121205	8.35974	
1705	855	1307.1	2543.9	0.127192	8.96072	
1755	855	1378.08	2645.8	0.129513	11.3749	
1805	855	1415.9	2606.97	0.136892	8.00661	
1855	855	1747.58	2967.26	0.152229	8.23924	
5	905	0	0	-1.#IND	10.5124	
55	905	0	0	-1.#IND	10.236	
105	905	0	0	-1.#IND	8.34378	
155	905	2510.42	1698.61	0.461506	9.24354	
205	905	0	0	-1.#IND	9.58261	
255	905	557.817	343.34	0.512098	8.4848	
305	905	2526.85	1713.89	0.460264	8.32553	
355	905	2471.07	1850.63	0.411934	8.22518	
405	905	0	0	-1.#IND	8.638	
455	905	0	0	-1.#IND	9.973	
505	905	0	0	-1.#IND	9.89317	
555	905	0	0	-1.#IND	10.4155	
605	905	2326.83	3065.76	0.210378	8.55209	
655	905	2954.03	3848.2	0.21338	8.42512	
705	905	0	0	-1.#IND	10.2277	
755	905	0	0	-1.#IND	10.612	
805	905	1969.11	2933.63	0.180163	8.06058	
855	905	1323.65	2377.18	0.141454	12.0325	
905	905	1341.4	2460.33	0.137587	10.1403	
955	905	1278.75	2276.99	0.143053	8.16512	
1005	905	1290.94	2370.28	0.137396	9.85706	
1055	905	1325.55	2454.84	0.135846	8.3012	
1105	905	1298.81	1814.59	0.195456	10.2338	
1155	905	1375.81	1485.27	0.268689	8.23202	
1205	905	1048.49	1205.9	0.248817	10.8906	
1255	905	1178.7	1192.46	0.290472	10.6892	
1305	905	1341.38	2616.66	0.1268	8.96262	
1355	905	1235.17	2740.98	0.106615	8.55931	
1405	905	1359.99	2797.25	0.118132	8.44071	
1455	905	1508.11	2789.06	0.136095	9.15839	
1505	905	1882.62	3014.09	0.164279	8.53346	
1555	905	1967.65	2986.11	0.175964	8.79271	
1605	905	1965.99	3174.58	0.162477	8.53194	
1655	905	1831.18	3194.34	0.146956	8.2993	
1705	905	1860.72	3131.59	0.153989	9.83501	
1755	905	1811.92	3350.33	0.136127	8.25445	
1805	905	2140.44	3457.15	0.162424	8.5441	
1855	905	2093.23	3585.37	0.150504	10.8788	
5	955	0	0	-1.#IND	8.26357	
55	955	0	0	-1.#IND	9.48264	
105	955	0	0	-1.#IND	11.7227	
155	955	0	0	-1.#IND	9.01204	
205	955	0	0	-1.#IND	10.6257	
255	955	0	0	-1.#IND	8.07579	
305	955	0	0	-1.#IND	8.21035	
355	955	0	0	-1.#IND	8.27345	
405	955	0	0	-1.#IND	8.25445	
455	955	0	0	-1.#IND	9.84224	
505	955	3066.21	3719.99	0.233047	8.33085	
555	955	2632.91	3559.81	0.203686	8.43729	
605	955	2291.22	3044.46	0.208168	8.05754	
655	955	4294.62	4210.88	0.301496	9.19146	
705	955	2102.44	3015.45	0.189079	8.37837	
755	955	1116.78	1932.95	0.148466	8.16398	
805	955	1291.11	2244.65	0.147605	8.23126	
855	955	1213.4	2127	0.146024	11.7805	
905	955	1319.24	2362.95	0.141951	9.40889	
955	955	1200.03	2190.22	0.138483	8.07389	
1005	955	1412.78	2525.95	0.142286	10.7595	
1055	955	1439.67	2550.64	0.144001	8.1043	
1105	955	1262.88	1544.97	0.230666	10.4117	
1155	955	1397.12	2564.48	0.137449	8.63153	
1205	955	1483.3	2671.07	0.140956	9.17093	
1255	955	1412.76	2572.11	0.138935	7.96327	
1305	955	1672.5	2763.74	0.157694	7.934	
1355	955	1801.05	3322.44	0.136548	7.83213	
1405	955	1921.72	3398.45	0.144347	7.50636	
1455	955	1935.51	3464.29	0.142085	10.2604	
1505	955	1980.91	3339.25	0.153666	9.38076	
1555	955	1766.25	3201.61	0.13974	9.1352	
1605	955	1739.53	3221.81	0.135829	8.01231	
1655	955	1836.3	3178.95	0.148427	12.2199	
1705	955	1626.91	3059.73	0.133106	16.296	
1755	955	1763.17	3132.26	0.143489	12.8065	
1805	955	1718.78	3032.6	0.144782	12.0527	
1855	955	1744.81	3273.8	0.133519	12.4989	
5	1005	0	0	-1.#IND	12.8049	
55	1005	2687.67	1856.29	0.451096	9.07666	
105	1005	0	0	-1.#IND	8.20617	
155	1005	601.918	453.753	0.408893	8.32515	
205	1005	0	0	-1.#IND	7.96137	
255	1005	0	0	-1.#IND	8.52434	
305	1005	0	0	-1.#IND	8.17766	
355	1005	0	0	-1.#IND	8.25217	
405	1005	0	0	-1.#IND	8.31907	
455	1005	0	0	-1.#IND	8.2324	
505	1005	3589.04	4272.28	0.23856	8.02485	
555	1005	4823.77	4721.36	0.302129	8.08187	
605	1005	2137.66	3095.88	0.186766	8.18146	
655	1005	1281.01	2207.2	0.149345	7.91119	
705	1005	1332.44	2191.07	0.158697	7.91157	
755	1005	1243.41	2149.24	0.148727	8.26661	
805	1005	1259.78	2305.15	0.138018	8.03854	
855	1005	1162.37	2263.65	0.127084	8.14459	
905	1005	1376.69	2440.82	0.143865	8.06819	
955	1005	1264.32	2372.55	0.133496	9.98554	
1005	1005	1422.38	2573.22	0.140102	10.4349	
1055	1005	1142.27	1126.93	0.299296	8.49659	
1105	1005	1402	2643.52	0.132655	7.93324	
1155	1005	1436.6	2739.12	0.130709	7.97772	
1205	1005	1372.6	2572.47	0.133721	8.05184	
1255	1005	1453.51	2664.73	0.137671	11.6402	
1305	1005	1509.54	2718.8	0.140924	8.12558	
1355	1005	1742.33	3084.74	0.14413	8.1807	
1405	1005	1804.43	2980.15	0.157804	8.24646	
1455	1005	1790.57	3299.9	0.136723	8.1617	
1505	1005	1797.8	3042.48	0.152884	8.05868	
1555	1005	1760.68	3150.21	0.142154	8.13319	
1605	1005	1722.23	3232.08	0.133483	8.15676	
1655	1005	1787.27	3216.12	0.141089	8.07199	
1705	1005	1790.64	3333.3	0.134924	7.97011	
1755	1005	1822.35	3183.44	0.146684	7.95985	
1805	1005	1771.62	3215.32	0.139513	7.89409	
1855	1005	1750.42	3185.03	0.13904	7.92906	
5	1055	0	0	-1.#IND	8.78815	
55	1055	1391.27	957.417	0.452925	8.15752	
105	1055	0	0	-1.#IND	7.82528	
155	1055	0	0	-1.#IND	7.9226	
205	1055	0	0	-1.#IND	8.20693	
255	1055	0	0	-1.#IND	8.08947	
305	1055	0	0	-1.#IND	8.20845	
355	1055	3069.92	4429.87	0.18763	7.96935	
405	1055	2690.49	3685.11	0.200398	8.01497	
455	1055	4755.56	4767.99	0.293605	7.94616	
505	1055	2043.66	2813.37	0.199126	8.58706	
555	1055	1206.44	2086.6	0.148608	7.53563	
605	1055	1205.97	2366.03	0.125836	7.96061	
655	1055	1322.92	2536.09	0.129772	7.90093	
705	1055	1491.45	2452.99	0.158659	7.90093	
755	1055	1326.66	2360.67	0.143181	7.95643	
805	1055	1319.76	2392.01	0.13976	7.46797	
855	1055	1297.91	2302.17	0.14378	7.36837	
905	1055	1513.75	2539.57	0.154625	8.12596	
955	1055	1516.29	2553.4	0.153872	8.02485	
1005	1055	1621.77	2737.79	0.153378	8.0488	
1055	1055	1466	2361.6	0.162977	7.94921	
1105	1055	1447.29	2702.04	0.134403	8.33617	
1155	1055	1502.09	2582.78	0.149749	7.91652	
1205	1055	1313.43	2295.4	0.146602	7.91157	
1255	1055	1429.85	2699.06	0.132457	8.2172	
1305	1055	1342.46	2657.94	0.124315	7.4615	
1355	1055	1773.35	2983.53	0.154056	7.33986	
1405	1055	1800.26	3134.71	0.147305	7.67095	
1455	1055	1784.87	3073.82	0.149443	7.45884	
1505	1055	1850.98	3244.96	0.146003	8.14459	
1555	1055	1743.66	3053.23	0.146228	7.54095	
1605	1055	1686.6	3174.56	0.132963	7.93248	
1655	1055	1822.49	3220.48	0.144493	7.71581	
1705	1055	1728.85	3104.65	0.141469	9.02686	
1755	1055	1842.01	3171.74	0.149473	7.50788	
1805	1055	1786.09	3082.75	0.149011	7.46264	
1855	1055	1790.46	3220.53	0.141166	7.42501	
5	1105	0	0	-1.#IND	7.71049	
55	1105	1989.11	2102.54	0.275607	8.35176	
105	1105	0	0	-1.#IND	8.1214	
155	1105	0	0	-1.#IND	8.34834	
205	1105	2814.5	3813.91	0.203111	7.93514	
255	1105	2528.13	3444.01	0.201768	8.17158	
305	1105	2435.82	2923.51	0.236157	7.89827	
355	1105	4634.18	4664.02	0.292275	7.89295	
405	1105	2157.24	2955.23	0.200355	7.98722	
455	1105	1578.64	2256.04	0.189944	7.90815	
505	1105	1410.74	2326.59	0.158098	7.94198	
555	1105	1206.58	2130.06	0.144677	8.00622	
605	1105	1311.55	2239.25	0.151137	7.62914	
655	1105	1530.24	2543.79	0.156478	8.17082	
705	1105	1408.45	2420.54	0.149848	7.97163	
755	1105	1292.98	2315.33	0.141998	8.02675	
805	1105	1355.76	2370.36	0.146522	8.05108	
855	1105	1661.82	2658.32	0.16446	7.92754	
905	1105	1759.62	2862.18	0.160949	7.94807	
955	1105	1371.07	2395.4	0.14666	9.19108	
1005	1105	1130	1261.46	0.258014	8.01041	
1055	1105	1448.15	2669.28	0.136694	9.65103	
1105	1105	1374.7	2462.12	0.141964	8.0431	
1155	1105	1385.18	2547.01	0.137133	9.34389	
1205	1105	1333.18	2385.9	0.142108	8.37001	
1255	1105	1345.36	2393.28	0.143234	7.9971	
1305	1105	1323.58	2520.16	0.130948	8.02713	
1355	1105	1774.6	2911.93	0.159137	8.24875	
1405	1105	1777.32	3389.63	0.130664	8.02637	
1455	1105	1731.98	3131.41	0.140214	7.96213	
1505	1105	1800.93	2798.83	0.170687	8.24076	
1555	1105	1773.03	2956.01	0.155887	7.90853	
1605	1105	1659.93	2939.14	0.144112	8.20769	
1655	1105	1769.79	3124.36	0.144674	8.03778	
1705	1105	1779.24	3200.26	0.141171	7.90587	
1755	1105	1771.47	3279.01	0.135936	7.95529	
1805	1105	1721.18	3239.1	0.132992	8.69083	
1855	1105	1690.02	3191.63	0.132377	10.3622	
5	1155	0	0	-1.#IND	8.14269	
55	1155	1587.47	2369.81	0.179702	7.89713	
105	1155	2362.35	3313.42	0.194493	8.18717	
155	1155	2926.41	3875.18	0.209061	7.93324	
205	1155	5726.26	5507.35	0.308464	8.11114	
255	1155	5416.39	5126.8	0.314337	9.46743	
305	1155	2107.9	2829.11	0.205571	11.3825	
355	1155	1762.35	2511.72	0.190601	8.31147	
405	1155	1363.31	2314.13	0.152286	8.00014	
455	1155	1597.27	2382.97	0.179843	8.53004	
505	1155	1454.75	2347.56	0.16261	8.04348	
555	1155	1633.98	2507.18	0.173501	8.03854	
605	1155	1375.81	2250.9	0.159746	8.41866	
655	1155	1379.98	2372.06	0.149812	8.45667	
705	1155	1384.79	2302.49	0.156436	12.6217	
755	1155	1377.71	2448.87	0.143384	9.29713	
805	1155	1305.68	2332.79	0.142421	8.9056	
855	1155	2085.58	2811.22	0.204465	8.99189	
905	1155	1525.79	2551.6	0.155268	7.93856	
955	1155	1082.2	1338.28	0.227617	7.8785	
1005	1155	1396.89	2225.38	0.165332	8.62089	
1055	1155	1349.44	2453.97	0.139148	7.93362	
1105	1155	1341.32	2448.19	0.138476	8.00965	
1155	1155	1394.79	2466.89	0.144325	7.90435	
1205	1155	1303.94	2349.18	0.140868	7.97886	
1255	1155	1385.58	2525.28	0.138743	8.93639	
1305	1155	1426.87	2576.06	0.140481	8.62545	
1355	1155	1653.54	3005.1	0.139263	7.94616	
1405	1155	1647.18	3295.61	0.122587	8.31603	
1455	1155	1684.72	3169.14	0.133068	8.51217	
1505	1155	1995.21	3137.77	0.168104	7.89675	
1555	1155	1735.88	2905.2	0.155111	7.9416	
1605	1155	1790.25	3077.18	0.149817	8.62089	
1655	1155	1748.14	3212	0.137268	7.3775	
1705	1155	1838.08	3071.94	0.155394	8.16702	
1755	1155	1814.68	3197.62	0.145029	7.90815	
1805	1155	1676.89	3349	0.122883	8.69806	
1855	1155	1752.77	3480.18	0.123844	11.6437	
5	1205	0	0	-1.#IND	8.59314	
55	1205	2907.05	3874.97	0.207347	7.96745	
105	1205	4932.17	4532.18	0.325485	8.79879	
155	1205	2214.1	3289.23	0.180819	8.62925	
205	1205	3553.2	4066.49	0.25032	9.41041	
255	1205	2690.31	3407.84	0.220944	8.19173	
305	1205	4454.11	4420.13	0.297216	9.7472	
355	1205	1389.36	2280.93	0.159033	8.64712	
405	1205	1330	2264.72	0.151662	8.24076	
455	1205	1614.23	2489.26	0.172397	8.07123	
505	1205	1666.44	2576.03	0.17186	8.73835	
555	1205	1373.54	2239.07	0.160495	8.02827	
605	1205	1125.56	2034.35	0.140274	8.48214	
655	1205	1568.18	2597.32	0.157225	8.38293	
705	1205	1400.73	2443.86	0.146924	8.92651	
755	1205	1464.27	2525.68	0.149135	8.29626	
805	1205	1386.39	2416.26	0.147129	8.28638	
855	1205	1657.27	2516.68	0.17582	8.42855	
905	1205	1423.09	2452.37	0.149317	9.85326	
955	1205	1332.05	2480.65	0.13485	8.06628	
1005	1205	1286.14	1324.7	0.284311	9.23783	
1055	1205	1316.12	2476.5	0.133016	8.32781	
1105	1205	1298.68	2470.6	0.131098	9.60656	
1155	1205	1385.96	2538.91	0.137812	10.3147	
1205	1205	1337.85	2453.75	0.137592	8.86569	
1255	1205	1379.12	2575.11	0.134379	8.89344	
1305	1205	1650.43	2727.66	0.157666	9.01812	
1355	1205	1910.26	3200.53	0.154892	8.75964	
1405	1205	1714.25	3292.26	0.129458	8.08681	
1455	1205	1646.45	3193.96	0.127741	9.60048	
1505	1205	1808.53	3343.36	0.136164	7.93628	
1555	1205	1616.56	3066.76	0.131585	9.62404	
1605	1205	1742.41	3338.95	0.129839	8.03131	
1655	1205	1736.67	3341.43	0.129144	9.61454	
1705	1205	1836.92	3247.47	0.144406	7.89827	
1755	1205	1547.48	3024.84	0.126458	8.46846	
1805	1205	1427.2	3112.72	0.10915	7.96175	
1855	1205	1772.21	3650.05	0.117917	10.1908	
5	1255	0	0	-1.#IND	7.90739	
55	1255	0	0	-1.#IND	9.03029	
105	1255	2151.69	3010.67	0.195086	7.94578	
155	1255	2493.03	3555.64	0.190428	8.92423	
205	1255	3939.86	4324.65	0.263343	8.0564	
255	1255	2341.99	3254.85	0.196758	9.52179	
305	1255	2911.55	4069.49	0.195352	9.65027	
355	1255	1994.21	2707.95	0.202583	7.9359	
405	1255	1492.37	2403.38	0.163038	9.45223	
455	1255	1444.9	2427.37	0.154351	10.076	
505	1255	1396.11	2345.29	0.154361	7.89447	
555	1255	1236.1	2161.82	0.146462	8.04728	
605	1255	1069.84	2149.11	0.12193	8.80373	
655	1255	1314.23	2372.1	0.140527	8.08605	
705	1255	1293.83	2124.31	0.159014	9.55258	
755	1255	1288.35	2359.89	0.137827	7.89713	
805	1255	1382.02	2364.03	0.150765	7.96175	
855	1255	1454.27	2486.17	0.15088	8.26053	
905	1255	1583.46	2754.08	0.147524	8.04044	
955	1255	1513.34	2725.99	0.1409	12.234	
1005	1255	1500.08	2454.67	0.159707	13.7077	
1055	1255	932.329	1025.3	0.262749	11.3681	
1105	1255	1295.77	2478.33	0.130168	13.0266	
1155	1255	1319.79	2531.21	0.129695	16.6165	
1205	1255	1315.48	2613.75	0.123729	12.6529	
1255	1255	1266.12	2384.83	0.132837	8.18336	
1305	1255	1373.96	2527.18	0.137075	8.73797	
1355	1255	1781.21	3057.86	0.150059	9.9692	
1405	1255	1608.36	3211.33	0.122924	9.57235	
1455	1255	1788.6	3216.01	0.141234	8.70718	
1505	1255	1739.59	2950.5	0.152444	8.51027	
1555	1255	1691.83	3159.75	0.134337	8.11228	
1605	1255	1789.74	3266.91	0.138461	7.97848	
1655	1255	1672.63	3164.5	0.13206	7.55273	
1705	1255	1863.8	3225.14	0.148512	7.90321	
1755	1255	1878.42	2933.67	0.16961	8.06743	
1805	1255	1595.01	1790.22	0.256326	8.65016	
1855	1255	6864.15	6488.95	0.314805	8.46276	
5	1305	0	0	-1.#IND	10.5926	
55	1305	0	0	-1.#IND	11.5642	
105	1305	2166.93	3020.09	0.196056	11.5912	
155	1305	4360.46	4541.57	0.280537	9.26102	
205	1305	2677.75	3830.28	0.189724	8.24228	
255	1305	2712.12	3902.1	0.188329	8.14991	
305	1305	2306.09	3287.42	0.190545	8.00318	
355	1305	2756.21	3409.02	0.227567	10.2425	
405	1305	1364.16	2258.31	0.157323	9.35986	
455	1305	1183.39	2259.24	0.130486	10.5728	
505	1305	1411.33	2469.63	0.146358	10.322	
555	1305	1610.37	2524.2	0.168819	10.3824	
605	1305	1236.17	2297.39	0.135214	8.31261	
655	1305	1199.21	2206.69	0.136999	11.5969	
705	1305	1344.26	2401.84	0.142411	8.22594	
755	1305	1473.83	2426.03	0.158488	8.70566	
805	1305	1272.02	2286.09	0.141322	7.78461	
855	1305	1489.94	2593.92	0.147338	8.41448	
905	1305	1483.76	2572.25	0.148155	9.03637	
955	1305	1504	2638.29	0.145885	9.75481	
1005	1305	1433.11	2460.29	0.150057	9.17245	
1055	1305	1623.64	2131.57	0.211327	7.92412	
1105	1305	1578.77	2692.9	0.151327	9.4374	
1155	1305	1478.95	2684.1	0.139516	11.2354	
1205	1305	1244.7	2372.29	0.130777	8.01839	
1255	1305	1299.92	2522.84	0.127667	8.81209	
1305	1305	1369.48	2542.46	0.135403	9.21465	
1355	1305	2179.22	3385.58	0.170762	8.92765	
1405	1305	1611.58	3027.69	0.133293	8.03055	
1455	1305	1873.58	3212.82	0.150279	8.05792	
1505	1305	1834.02	3216.89	0.145905	9.57919	
1555	1305	1814.44	3175.33	0.146339	9.16143	
1605	1305	1828.77	3296.54	0.140766	8.30462	
1655	1305	1901.6	3259.07	0.150388	7.95833	
1705	1305	1910.56	3308.08	0.148394	13.5184	
1755	1305	1693.73	3059.29	0.140393	10.8929	
1805	1305	1878.3	3095	0.158276	10.4136	
1855	1305	3020.65	2980.13	0.29929	10.2307	
5	1355	0	0	-1.#IND	10.7009	
55	1355	0	0	-1.#IND	8.63305	
105	1355	2776.37	2607.28	0.317273	8.23886	
155	1355	2823.17	3892.34	0.198748	9.40775	
205	1355	2456.56	3404.76	0.197435	9.5674	
255	1355	2597.08	3191.74	0.229369	8.02409	
305	1355	2757.33	3754.3	0.201898	8.26775	
355	1355	2435.32	3367.59	0.198006	10.948	
405	1355	4736.4	4693.86	0.297699	8.44565	
455	1355	1357.52	2265.71	0.155668	8.2286	
505	1355	1092.24	2024.25	0.135714	8.64978	
555	1355	995.848	1969.43	0.124505	8.39433	
605	1355	1077.54	2096.01	0.127281	8.54296	
655	1355	1212.83	2231.27	0.137037	8.39395	
705	1355	1246.38	2311.62	0.135582	8.33732	
755	1355	1466.38	2446.22	0.155766	7.93324	
805	1355	1361.14	2407.86	0.144287	7.47519	
855	1355	1438.22	2394.6	0.156158	7.94312	
905	1355	1399.59	2395.03	0.150688	8.86303	
955	1355	1358.56	2364.39	0.147403	9.07932	
1005	1355	1187.58	1340.18	0.254637	9.55448	
1055	1355	1311.69	2399.53	0.138065	10.9853	
1105	1355	1329.38	2384.76	0.141666	10.3737	
1155	1355	1324.53	2408.2	0.139184	10.2478	
1205	1355	1306.89	2420.64	0.135819	8.02105	
1255	1355	1245.93	2300.18	0.136408	11.0081	
1305	1355	1253.62	2483.59	0.124211	8.31945	
1355	1355	1256.99	2397.75	0.130631	10.2672	
1405	1355	1699.74	3196.36	0.133124	9.36974	
1455	1355	1695.6	3129.1	0.136479	8.47302	
1505	1355	1754.74	2947.83	0.154355	11.3205	
1555	1355	4768.14	4877.33	0.286669	9.81145	
1605	1355	4419.26	4632.73	0.278365	7.95947	
1655	1355	1608.95	2927.06	0.139075	9.98478	
1705	1355	1566.06	3079.68	0.125445	9.37202	
1755	1355	1398.1	2929.16	0.115239	9.46211	
1805	1355	1638.18	2932.41	0.142066	8.22138	
1855	1355	1574.58	3355.53	0.112624	9.66168	
5	1405	0	0	-1.#IND	8.26471	
55	1405	0	0	-1.#IND	9.16371	
105	1405	3534.9	4220.72	0.237667	9.68144	
155	1405	3822.38	5059.16	0.209189	9.41687	
205	1405	3429.3	4647.42	0.20309	9.35035	
255	1405	2906.7	3759.74	0.215276	10.7716	
305	1405	3065.05	3937.44	0.217123	10.9039	
355	1405	2300.13	3042.89	0.209315	11.8497	
405	1405	1822.48	2503.89	0.199626	11.6619	
455	1405	1583.54	2529.88	0.164729	7.9226	
505	1405	1189.8	2131.82	0.141888	8.42893	
555	1405	1201.02	2339.31	0.127056	9.41611	
605	1405	5456.92	5230.31	0.30972	10.2748	
655	1405	1299.33	2327.37	0.141944	11.2856	
705	1405	1109.98	2137.34	0.129008	9.03789	
755	1405	1206.2	2160.49	0.141949	8.1024	
805	1405	1298.05	1712.81	0.209989	7.99596	
855	1405	1192.46	1720.31	0.187686	11.2582	
905	1405	1086.96	1557.83	0.189258	10.4303	
955	1405	1086.32	1808.24	0.156209	8.32249	
1005	1405	1489.11	2557.13	0.150003	9.2462	
1055	1405	1350.83	2376.82	0.145306	7.97696	
1105	1405	1298.25	2359.84	0.139229	7.72911	
1155	1405	1223.89	2290.39	0.133981	7.88154	
1205	1405	1159.57	2150.58	0.135585	9.39103	
1255	1405	1514.63	2652.9	0.146177	10.7606	
1305	1405	1295.74	2485.89	0.129639	10.8161	
1355	1405	1340.54	2569.67	0.129784	10.1767	
1405	1405	2271.35	2899.39	0.218841	9.11125	
1455	1405	1355.71	2347.73	0.148364	8.44831	
1505	1405	1463.95	2403.47	0.159026	9.75937	
1555	1405	1532.41	2434.2	0.165951	8.43501	
1605	1405	1645.69	2444.57	0.180841	8.54791	
1655	1405	1353.34	2303.59	0.151737	8.25939	
1705	1405	2340.83	3064.35	0.212081	8.02561	
1755	1405	2379.76	3067.42	0.216215	12.0512	
1805	1405	1916.76	2864.77	0.17943	12.5575	
1855	1405	2639.03	3128.52	0.239767	13.3751	
5	1455	0	0	-1.#IND	11.1457	
55	1455	0	0	-1.#IND	10.5504	
105	1455	0	0	-1.#IND	14.4619	
155	1455	3162	4371.96	0.198034	10.13	
205	1455	2822.03	4002.74	0.19176	14.5737	
255	1455	2574.22	3650.78	0.191791	12.3587	
305	1455	2399.19	3323.86	0.197539	12.4636	
355	1455	1904.48	2799.93	0.183234	12.1523	
405	1455	1678.85	2503.19	0.17998	10.3706	
455	1455	1134.98	2049.94	0.140403	7.87242	
505	1455	871.978	859.003	0.299818	12.1013	
555	1455	0	0	-1.#IND	11.6189	
605	1455	875.163	935.793	0.27181	12.2982	
655	1455	2967.32	3475.48	0.243342	12.2792	
705	1455	1199.21	2216.17	0.136226	11.4179	
755	1455	1402.33	2628.99	0.133667	14.0753	
805	1455	1219.07	1833.39	0.178011	13.8142	
855	1455	1370.52	2305.68	0.154067	12.9429	
905	1455	1423.36	2424.49	0.151596	7.9245	
955	1455	1350.87	2274.88	0.153869	10.4014	
1005	1455	1337.52	2381.07	0.143096	8.05374	
1055	1455	1136.35	1989.89	0.14622	7.9321	
1105	1455	1226.16	2265.56	0.136259	7.86026	
1155	1455	1219.67	2134.55	0.14633	10.7937	
1205	1455	1301.56	2356.24	0.139977	11.4654	
1255	1455	1422.04	2612.12	0.137317	13.1581	
1305	1455	1361.2	2673.6	0.125646	11.5148	
1355	1455	1235.67	2477.32	0.122253	13.3691	
1405	1455	1387.86	2502.14	0.140738	8.83072	
1455	1455	1293.85	2236.04	0.14876	9.91256	
1505	1455	1212.45	2185.28	0.140791	8.13889	
1555	1455	1430.72	2589.92	0.139988	11.3548	
1605	1455	1245.8	2469.47	0.124119	9.21199	
1655	1455	1204.72	2363.56	0.125838	8.66993	
1705	1455	2557.16	3146.1	0.229062	10.5177	
1755	1455	2339.65	2953.43	0.221893	8.43843	
1805	1455	2427.22	3019.93	0.225908	8.27878	
1855	1455	2551.64	3056.15	0.236763	8.29816	
5	1505	0	0	-1.#IND	9.12608	
55	1505	0	0	-1.#IND	8.09898	
105	1505	3045.9	4056.72	0.207561	7.96593	
155	1505	2180.59	3158.25	0.18675	10.6903	
205	1505	2171.29	3244.11	0.179508	8.10354	
255	1505	2100.65	3165.24	0.177579	10.9758	
305	1505	2122.45	3273.43	0.172366	7.93362	
355	1505	2058.51	3169	0.172771	8.53422	
405	1505	1526.89	2818.36	0.136441	7.93172	
455	1505	1552.1	2652.18	0.150972	10.371	
505	1505	0	0	-1.#IND	7.96023	
555	1505	815.813	624.72	0.401689	7.96555	
605	1505	534.185	514.53	0.307921	8.01003	
655	1505	723.142	775.438	0.270882	10.1718	
705	1505	1635.25	2808.99	0.14994	8.26167	
755	1505	1446.45	2738	0.13197	8.1674	
805	1505	1133.04	1699.83	0.178571	10.2889	
855	1505	1468.4	2475.77	0.153629	10.263	
905	1505	1461.95	2530.52	0.148455	10.4683	
955	1505	1238.75	2220.52	0.141805	8.0047	
1005	1505	1120.02	2117.56	0.132179	11.8276	
1055	1505	1054.71	1935.71	0.137473	12.9703	
1105	1505	1337.04	2287.93	0.150694	12.2754	
1155	1505	1288.29	2239.37	0.147637	12.2465	
1205	1505	1390.33	2392.41	0.149602	12.6229	
1255	1505	1303.41	2407.13	0.136346	12.5107	
1305	1505	1257.43	2464.32	0.126018	11.0605	
1355	1505	1228.84	2411.26	0.125811	7.97125	
1405	1505	1514.95	2633.51	0.147627	9.2481	
1455	1505	1306.68	2298.88	0.145327	7.97848	
1505	1505	1332.46	2368.32	0.143394	11.102	
1555	1505	1344.5	2411.47	0.141697	8.57223	
1605	1505	1276.9	2405.99	0.132775	10.4261	
1655	1505	1220.81	2291.4	0.133458	8.1693	
1705	1505	2472.72	3081.34	0.225473	11.3859	
1755	1505	2373.56	3018.01	0.21991	10.0357	
1805	1505	2579.09	3105.3	0.235239	8.08909	
1855	1505	2621.37	3067.63	0.243601	10.0935	
5	1555	0	0	-1.#IND	8.35328	
55	1555	2261.11	3200.62	0.192254	10.9309	
105	1555	2298.7	3157.14	0.199707	10.0053	
155	1555	2291.2	3354.77	0.184187	9.55334	
205	1555	1683.67	2811.51	0.155564	11.2841	
255	1555	1258.17	2499.63	0.123746	10.1783	
305	1555	1381.58	2567.04	0.135256	10.9043	
355	1555	1293.78	2583.28	0.122921	7.93248	
405	1555	1449	2736.85	0.132352	10.0483	
455	1555	161.324	193.427	0.236453	8.84668	
505	1555	0	0	-1.#IND	12.3682	
555	1555	0	0	-1.#IND	9.5503	
605	1555	527.151	328.233	0.505693	8.0009	
655	1555	684.6	734.277	0.270807	7.39764	
705	1555	5326.53	5499.77	0.283474	9.21541	
755	1555	1274.67	2376.62	0.134639	10.5812	
805	1555	1653.06	2873.97	0.147601	8.23544	
855	1555	1339.79	1871.89	0.195449	8.833	
905	1555	1352.75	2472.53	0.138219	10.3908	
955	1555	1266.52	2331.34	0.136937	10.1501	
1005	1555	1203.67	1831.33	0.175393	7.90587	
1055	1555	1083.54	1212.21	0.257337	7.61507	
1105	1555	1099.05	1722.25	0.168878	7.47253	
1155	1555	1356.16	2352.7	0.148019	8.86721	
1205	1555	1328.64	2253.18	0.152472	8.34454	
1255	1555	1316.25	2489.95	0.132082	7.99254	
1305	1555	1373.17	2647.77	0.128772	10.0255	
1355	1555	1237.05	2391.26	0.128346	10.7846	
1405	1555	4593.81	4615	0.292909	9.58489	
1455	1555	1282.27	2177.89	0.152166	8.09974	
1505	1555	1259.33	2236.75	0.143526	7.91918	
1555	1555	1406.58	2315.26	0.158495	8.02941	
1605	1555	1302.93	2304.81	0.144294	9.39597	
1655	1555	1253.16	2410.81	0.129166	10.7063	
1705	1555	2268.16	2950.26	0.213782	9.25266	
1755	1555	2481.08	3004.66	0.233566	8.70338	
1805	1555	2519.54	3003.67	0.238123	9.62138	
1855	1555	2669.43	3131.76	0.24285	10.7382	
5	1605	0	0	-1.#IND	7.91081	
55	1605	1405.36	2740.28	0.126873	7.90701	
105	1605	1299.58	2424.77	0.134513	7.95491	
155	1605	1301.16	2552.03	0.125886	8.60835	
205	1605	1418.27	2119.63	0.179442	8.19819	
255	1605	808.5	809.494	0.294089	10.49	
305	1605	0	0	-1.#IND	9.62746	
355	1605	1091.71	1442.31	0.209668	8.72694	
405	1605	943.257	865.504	0.326039	8.01535	
455	1605	953.163	965.008	0.290215	8.60226	
505	1605	0	0	-1.#IND	8.79613	
555	1605	1091.91	974.811	0.336663	7.91119	
605	1605	953.214	1002.96	0.277133	9.7225	
655	1605	874.987	805.964	0.324567	11.6121	
705	1605	1248.72	2503.63	0.122244	9.76735	
755	1605	1296.73	2390.39	0.136677	13.393	
805	1605	1310.02	2432.89	0.135343	8.79043	
855	1605	1339.97	2425.46	0.140001	7.95111	
905	1605	1389.84	2495.55	0.141491	10.5793	
955	1605	1272.56	2341.19	0.137035	9.26863	
1005	1605	1318.15	2340.21	0.143609	11.0366	
1055	1605	1419.73	2441.83	0.149695	9.09339	
1105	1605	1322.56	2543.76	0.129205	10.1965	
1155	1605	1018.77	1028.63	0.291159	9.82703	
1205	1605	1348.05	2421.94	0.141382	11.5486	
1255	1605	1203.45	2409.52	0.122471	10.5363	
1305	1605	1401.57	2627.72	0.133657	10.9264	
1355	1605	1355.41	2540.17	0.133727	10.5637	
1405	1605	4676.39	4714.29	0.2917	9.79586	
1455	1605	1564.97	2390.29	0.174525	8.56995	
1505	1605	1272.19	2404.57	0.13223	10.4333	
1555	1605	1422.82	2386.46	0.154672	8.3548	
1605	1605	1286.87	2327.16	0.140174	10.1501	
1655	1605	1245.82	2414.22	0.127922	11.8995	
1705	1605	1320.71	2590.33	0.125888	15.8346	
1755	1605	2426.83	3060.31	0.222179	9.83881	
1805	1605	2534.03	3060.27	0.234366	10.5485	
1855	1605	2588.9	3099.04	0.236925	8.73569	
5	1655	1444.13	2690.03	0.134807	8.85125	
55	1655	1620.17	2441.29	0.177576	10.956	
105	1655	1113.71	1513.36	0.202408	8.36468	
155	1655	1467.79	2796.89	0.130815	8.18717	
205	1655	1392.25	2745.43	0.124986	9.45679	
255	1655	1462.36	2368.66	0.161829	9.2462	
305	1655	887.955	876.378	0.299153	8.69463	
355	1655	811.626	757.818	0.319431	9.31044	
405	1655	1058.99	1076.13	0.288934	8.24951	
455	1655	1088.49	1134.42	0.280326	8.09365	
505	1655	0	0	-1.#IND	10.4177	
555	1655	1070.52	1185.8	0.260458	8.26889	
605	1655	1080.59	1173.9	0.266664	8.96414	
655	1655	1011.64	947.405	0.318306	8.28106	
705	1655	1277.69	1590.13	0.225832	11.316	
755	1655	1718.59	2778.23	0.162239	8.47454	
805	1655	1255.11	2316.96	0.136421	8.50837	
855	1655	1348.09	2616.67	0.127644	8.30995	
905	1655	1324.52	2511.53	0.131668	8.34036	
955	1655	1316.62	2333.97	0.143893	8.56007	
1005	1655	1209.57	2269.95	0.133485	8.18526	
1055	1655	1324.02	2377.97	0.141444	7.94807	
1105	1655	1308.98	2339.14	0.142383	9.48606	
1155	1655	1144.13	1279.77	0.257394	8.45515	
1205	1655	1726.19	2937.22	0.151806	8.21415	
1255	1655	1349.6	2433.81	0.140689	8.24418	
1305	1655	1463.62	2873.46	0.125723	8.064	
1355	1655	2160.8	3519.28	0.160681	8.37609	
1405	1655	1942.31	2971.56	0.174154	8.23924	
1455	1655	1474.2	2323.25	0.167653	9.09149	
1505	1655	1315.28	2449.43	0.134849	8.06971	
1555	1655	1504.14	2461.14	0.159722	8.32325	
1605	1655	1349.4	2428.76	0.141047	9.54422	
1655	1655	1324.85	2511.12	0.13174	9.8525	
1705	1655	1285.97	2551.67	0.123952	8.93069	
1755	1655	2513.92	3084.1	0.229869	7.9321	
1805	1655	2484.23	3087.95	0.226172	10.363	
1855	1655	2512.02	3024.94	0.235201	9.65141	
5	1705	1288.1	2584.33	0.122134	8.69729	
55	1705	1275.48	2482.96	0.127149	7.87204	
105	1705	1477.99	2676.25	0.139936	9.44728	
155	1705	1160.8	1170.34	0.291661	9.53851	
205	1705	1249.71	2583.33	0.11734	9.2078	
255	1705	1403.04	2673.35	0.130825	8.89382	
305	1705	0	0	-1.#IND	11.0609	
355	1705	381.271	295.562	0.396139	7.93856	
405	1705	1323.24	2764.77	0.115662	10.4067	
455	1705	1614.21	3146.46	0.12693	7.96327	
505	1705	0	0	-1.#IND	7.90815	
555	1705	1046.3	989.434	0.314684	7.9435	
605	1705	1071.92	1057.5	0.299302	7.97011	
655	1705	994.82	905.483	0.329135	7.86938	
705	1705	881.668	874.946	0.297214	8.06857	
755	1705	5160.56	5198.22	0.291979	10.5884	
805	1705	1376.09	2492.87	0.139852	7.97163	
855	1705	1276.54	2342.62	0.137491	8.22062	
905	1705	1442.51	2579.68	0.142245	8.83452	
955	1705	1427.05	2324.47	0.160659	8.20959	
1005	1705	1036.12	1740.32	0.154389	10.8176	
1055	1705	1305.99	2341.45	0.141774	9.13368	
1105	1705	1477.06	1742.1	0.241274	9.39179	
1155	1705	1093.31	1437.42	0.210943	9.92016	
1205	1705	1353.87	2557.43	0.132334	9.02268	
1255	1705	1366.52	2527.57	0.136069	8.08339	
1305	1705	1586.29	2957.71	0.134633	10.1885	
1355	1705	2922.53	4343.01	0.180748	10.6306	
1405	1705	3828.55	4202.17	0.263366	8.03397	
1455	1705	1464.24	2354.14	0.16339	8.97289	
1505	1705	1397.4	2456.47	0.145484	7.90663	
1555	1705	1432.99	2383.71	0.156343	9.0854	
1605	1705	1331.08	2379.82	0.14229	8.64636	
1655	1705	1330.67	2451.17	0.136808	9.3112	
1705	1705	1149.43	2406.14	0.115369	7.90473	
1755	1705	2644.04	3091.49	0.243858	9.38	
1805	1705	2507.88	3049.67	0.232383	7.92412	
1855	1705	2403.33	2923.14	0.232324	10.138	
5	1755	1362.47	2661.14	0.126588	7.97543	
55	1755	1347.46	2628.48	0.126803	9.07818	
105	1755	1378.23	2315.3	0.154356	8.01459	
155	1755	1852.3	2723.73	0.18319	8.61975	
205	1755	1545.35	2772.69	0.141632	8.92499	
255	1755	1628.96	2885.39	0.144041	8.69387	
305	1755	80.8803	73.8318	0.328014	9.14204	
355	1755	0	0	-1.#IND	9.7263	
405	1755	0	0	-1.#IND	7.43375	
455	1755	1316.74	1600.22	0.232558	7.90397	
505	1755	471.689	469.645	0.296047	7.94616	
555	1755	1052.77	1042.63	0.29793	8.13015	
605	1755	1044.18	1007.42	0.307321	8.97289	
655	1755	983.712	968.041	0.300198	11.1662	
705	1755	1410.22	2516.22	0.142669	8.92613	
755	1755	3580.28	4032.24	0.25526	7.94084	
805	1755	1430.44	2506.49	0.146097	9.2614	
855	1755	1204.34	1325.54	0.262485	8.1252	
905	1755	1098.7	980.348	0.336876	7.92868	
955	1755	1043.37	1230.01	0.241413	8.07123	
1005	1755	1031.67	1143.58	0.260235	11.4072	
1055	1755	1266.33	1382.83	0.265	7.9819	
1105	1755	1240.97	1996.59	0.163241	8.00014	
1155	1755	1518.14	2688.97	0.14405	11.2282	
1205	1755	1393.29	2573.41	0.136326	9.52065	
1255	1755	1323.92	2774.62	0.115189	8.33237	
1305	1755	1361.4	2589.71	0.131112	8.23506	
1355	1755	2637.09	3843.35	0.185276	8.23164	
1405	1755	1293.38	2557.9	0.124501	11.3342	
1455	1755	1687.02	2553.85	0.176525	9.70729	
1505	1755	1436.2	2495.73	0.147696	9.82589	
1555	1755	1443.51	2440.72	0.153063	13.3098	
1605	1755	1351.02	2402.72	0.143283	14.3376	
1655	1755	1312.13	2401.35	0.137987	12.2427	
1705	1755	1258.37	2436.79	0.128044	12.5818	
1755	1755	2544.91	2995.99	0.241825	12.6571	
1805	1755	0	0	-1.#IND	12.3701	
1855	1755	0	0	-1.#IND	11.4186	
5	1805	1199.9	2474.13	0.117737	8.4715	
55	1805	1318.09	2541.87	0.128752	9.43968	
105	1805	1373.45	2613.95	0.131025	10.2718	
155	1805	1478.9	2816.34	0.13092	8.64332	
205	1805	1310.21	2051.43	0.169061	9.85516	
255	1805	1336.99	2660.32	0.123492	8.28372	
305	1805	981.817	959.707	0.302601	8.60226	
355	1805	0	0	-1.#IND	9.667	
405	1805	93.5951	99.3525	0.274206	8.10164	
455	1805	948.945	857.608	0.331886	9.37506	
505	1805	992.709	875.914	0.3413	8.26851	
555	1805	1008.28	948.761	0.316528	8.36582	
605	1805	1031.4	1153.04	0.257565	9.73504	
655	1805	1486.39	2186.76	0.183075	8.56995	
705	1805	1371.09	2555.27	0.134717	8.27954	
755	1805	1334.11	1358.84	0.288137	8.45059	
805	1805	1336.69	2383.34	0.142801	9.23555	
855	1805	1175.11	2028.64	0.148971	8.24608	
905	1805	1302.83	2474.89	0.131351	9.60808	
955	1805	1157.58	2221.49	0.129587	14.6429	
1005	1805	1236.26	2303.03	0.134791	9.491	
1055	1805	1218.85	2392.48	0.125753	8.14725	
1105	1805	1337.1	2384.36	0.142779	9.41421	
1155	1805	1375.56	2430.58	0.144504	11.3901	
1205	1805	1549.93	2824.2	0.138783	8.02941	
1255	1805	2176.88	3390.01	0.17024	11.9751	
1305	1805	1821.3	3115.76	0.150746	7.96023	
1355	1805	1527.32	2918.64	0.13032	9.78408	
1405	1805	4804.82	4997.84	0.280979	8.02827	
1455	1805	1726.52	2777.08	0.163294	8.15752	
1505	1805	1336.94	2426.42	0.139512	7.88382	
1555	1805	1479.29	2544.05	0.149712	8.56121	
1605	1805	1444.97	2645.29	0.13793	8.04006	
1655	1805	1262.55	2367.08	0.133657	10.379	
1705	1805	1234.59	2456.62	0.123489	9.13064	
1755	1805	0	0	-1.#IND	10.8602	
1805	1805	0	0	-1.#IND	8.00166	
1855	1805	0	0	-1.#IND	8.76458	
5	1855	1257.59	2595.75	0.117574	9.82171	
55	1855	1299.16	2598.8	0.122619	7.89941	
105	1855	1369.22	2586.97	0.132297	8.25749	
155	1855	1520.05	2628.81	0.148623	7.98342	
205	1855	1377.51	2563.26	0.134992	7.86178	
255	1855	1248.16	2525.15	0.120779	9.1983	
305	1855	0	0	-1.#IND	7.95111	
355	1855	0	0	-1.#IND	8.91663	
405	1855	0	0	-1.#IND	7.93666	
455	1855	0	0	-1.#IND	7.99786	
505	1855	889.062	822.483	0.32292	8.05602	
555	1855	953.248	1125.43	0.240978	8.08947	
605	1855	1057.89	1192.1	0.255087	9.53433	
655	1855	1462.2	2734.26	0.134118	8.14877	
705	1855	1326.1	2186.62	0.158134	7.9781	
755	1855	1368.7	2200.3	0.163411	8.37799	
805	1855	1231.91	2395.47	0.127339	8.01117	
855	1855	1484.74	2419.57	0.160561	7.9245	
905	1855	1314.45	2636.41	0.122183	7.94502	
955	1855	1174.03	2196.66	0.134016	7.93438	
1005	1855	3532.5	4222.01	0.237379	8.27383	
1055	1855	2309.11	3486.22	0.177131	8.25521	
1105	1855	1515.21	2925.61	0.128541	8.44185	
1155	1855	1446.37	2527.16	0.146645	8.19667	
1205	1855	3805.42	4395.75	0.247502	9.00406	
1255	1855	4803.47	4885.16	0.288656	8.03702	
1305	1855	4638.02	4638.12	0.294511	8.14041	
1355	1855	4863.78	4911.99	0.291077	10.3349	
1405	1855	5085.59	5196.62	0.287027	7.93058	
1455	1855	3503.71	4178.97	0.237981	9.01926	
1505	1855	1476.04	2533.52	0.150094	9.13596	
1555	1855	1501.08	2457.73	0.159588	8.00851	
1605	1855	897.106	1597.64	0.143026	7.8861	
1655	1855	0	0	-1.#IND	8.16892	
1705	1855	0	0	-1.#IND	8.03055	
1755	1855	0	0	-1.#IND	8.28524	
1805	1855	0	0	-1.#IND	9.74606	
1855	1855	0	0	-1.#IND	10.1916	
5	1905	1259.53	2725.15	0.110339	7.9245	
55	1905	1336.52	2600.29	0.127247	8.07427	
105	1905	1312.31	2306.73	0.145497	9.5427	
155	1905	1110	1778.68	0.164093	9.05499	
205	1905	1482.13	2939.99	0.124004	9.7818	
255	1905	1263.6	2564.97	0.120238	9.55828	
305	1905	220.557	316.387	0.18904	10.7359	
355	1905	0	0	-1.#IND	9.14584	
405	1905	0	0	-1.#IND	8.06705	
455	1905	0	0	-1.#IND	8.1157	
505	1905	0	0	-1.#IND	10.6074	
555	1905	909.559	909.566	0.294517	8.07997	
605	1905	1014.66	1166.94	0.24883	7.93894	
655	1905	1329	2348.45	0.144492	8.46656	
705	1905	1354.3	2361.79	0.14701	9.66396	
755	1905	1099.39	2013.4	0.137861	10.5219	
805	1905	1032.25	2104.28	0.119554	8.80259	
855	1905	1132.99	2329.66	0.118178	7.96745	
905	1905	1801.5	2666.72	0.181646	8.09251	
955	1905	3948.51	4341.34	0.262814	8.33465	
1005	1905	5514.39	5637.87	0.286839	7.90283	
1055	1905	4967.21	5014.45	0.291216	7.95187	
1105	1905	4816.45	4937.77	0.285904	7.90701	
1155	1905	4755.17	4903.35	0.283923	8.93221	
1205	1905	3361.94	3927.81	0.24409	7.91347	
1255	1905	1854.19	2890.38	0.170021	9.9232	
1305	1905	1813.6	2900.78	0.164484	9.58033	
1355	1905	1163.23	2127.68	0.138086	8.13813	
1405	1905	999.74	1942.16	0.1275	8.93069	
1455	1905	1671.26	1773.69	0.274275	7.93742	
1505	1905	0	0	-1.#IND	9.18462	
1555	1905	0	0	-1.#IND	10.1494	
1605	1905	0	0	-1.#IND	10.3227	
1655	1905	0	0	-1.#IND	9.48036	
1705	1905	0	0	-1.#IND	8.54144	
1755	1905	0	0	-1.#IND	9.10137	
1805	1905	0	0	-1.#IND	10.6204	
1855	1905	0	0	-1.#IND	9.17892	
5	1955	1291.04	2761.93	0.112038	8.7144	
55	1955	1248.6	2061.05	0.157914	10.5519	
105	1955	1662.06	2624.74	0.167206	8.56007	
155	1955	1306.69	2640.03	0.120996	8.36468	
205	1955	1276.45	2777.76	0.109479	9.37924	
255	1955	1260.32	2688.33	0.112482	9.81297	
305	1955	1336.71	2619.53	0.126029	8.55589	
355	1955	0	0	-1.#IND	10.3733	
405	1955	0	0	-1.#IND	8.85733	
455	1955	0	0	-1.#IND	8.33199	
505	1955	0	0	-1.#IND	10.184	
555	1955	866.409	903.776	0.280024	10.3816	
605	1955	0	0	-1.#IND	8.65016	
655	1955	1308.95	2480.54	0.131772	8.66574	
705	1955	1342.84	2447.76	0.138714	10.4767	
755	1955	1216.82	1371.32	0.255058	8.37381	
805	1955	1300.66	2638.85	0.12032	8.33085	
855	1955	1205.31	2341.77	0.127482	8.3567	
905	1955	1200.32	2325.38	0.12797	8.84706	
955	1955	1285.23	2733.7	0.112913	8.53802	
1005	1955	1240.35	2463.36	0.123804	8.44185	
1055	1955	1125.08	2142.96	0.130886	10.1703	
1105	1955	1284.18	2345.03	0.138388	10.8435	
1155	1955	1153.78	2197.24	0.130918	9.47922	
1205	1955	1239.78	2266.02	0.138222	7.96251	
1255	1955	1150.96	2217.13	0.12894	10.9959	
1305	1955	1097.27	2157.4	0.125476	10.0943	
1355	1955	1138.05	2076.68	0.138519	9.28497	
1405	1955	0	0	-1.#IND	9.57881	
1455	1955	0	0	-1.#IND	9.05804	
1505	1955	0	0	-1.#IND	10.2938	
1555	1955	0	0	-1.#IND	7.99938	
1605	1955	0	0	-1.#IND	8.92499	
1655	1955	0	0	-1.#IND	10.054	
1705	1955	0	0	-1.#IND	8.92727	
1755	1955	0	0	-1.#IND	8.83642	
1805	1955	0	0	-1.#IND	8.55551	
1855	1955	0	0	-1.#IND	8.02219	
5	2005	0	0	-1.#IND	9.0873	
55	2005	1331.44	1688.13	0.220687	9.41155	
105	2005	1232.34	2622.52	0.112837	8.00622	
155	2005	1222.63	2741.25	0.105131	9.71299	
205	2005	1178.94	2612.29	0.106832	8.93906	
255	2005	1246.85	2617.72	0.114916	8.7087	
305	2005	1348.56	2713.44	0.121664	8.6992	
355	2005	1231.33	2511.49	0.119468	13.2155	
405	2005	0	0	-1.#IND	9.74036	
455	2005	0	0	-1.#IND	8.79423	
505	2005	835.106	780.425	0.319102	9.73504	
555	2005	838.367	825.256	0.300092	10.1129	
605	2005	866.18	873.309	0.291657	11.9614	
655	2005	1468.08	2532.81	0.149092	9.12608	
705	2005	1455.31	3037.47	0.115829	8.83566	
755	2005	1375.63	2232.89	0.161388	10.3953	
805	2005	1286.15	2149.88	0.15536	10.29	
855	2005	1321.83	2502.8	0.131921	8.19591	
905	2005	1372.72	2739.79	0.122987	9.15497	
955	2005	1267.17	2639.53	0.11614	8.18564	
1005	2005	2179.28	3539.46	0.161264	8.73759	
1055	2005	1310.7	2736.23	0.115795	8.32325	
1105	2005	1215.4	2487.06	0.118947	10.517	
1155	2005	1166.18	2459.64	0.114206	8.50913	
1205	2005	1104.91	2356.14	0.112526	8.28866	
1255	2005	1099.26	2358.72	0.111585	8.44907	
1305	2005	1096.21	2333.73	0.112778	8.53916	
1355	2005	0	0	-1.#IND	9.0588	
1405	2005	0	0	-1.#IND	8.38825	
1455	2005	0	0	-1.#IND	8.82882	
1505	2005	0	0	-1.#IND	11.4255	
1555	2005	0	0	-1.#IND	8.08567	
1605	2005	0	0	-1.#IND	8.60188	
1655	2005	0	0	-1.#IND	8.16588	
1705	2005	0	0	-1.#IND	8.55019	
1755	2005	0	0	-1.#IND	10.6302	
1805	2005	0	0	-1.#IND	10.8161	
1855	2005	0	0	-1.#IND	9.2002	
5	2055	0	0	-1.#IND	8.12026	
55	2055	0	0	-1.#IND	8.44299	
105	2055	1239.99	2755.19	0.10643	8.35518	
155	2055	1206.84	2684.44	0.106274	8.7756	
205	2055	1188.82	2715.2	0.102515	8.49355	
255	2055	1131.45	2386.83	0.114177	8.59352	
305	2055	1161.65	2309.43	0.123634	8.38559	
355	2055	1309.77	2617	0.122808	13.1478	
405	2055	1266.48	2523.18	0.123285	11.3434	
455	2055	1399.11	2603.44	0.134994	12.5088	
505	2055	999.756	1107.14	0.260539	12.2484	
555	2055	951.24	1046.57	0.262603	11.774	
605	2055	0	0	-1.#IND	14.9648	
655	2055	744.985	858.325	0.248286	11.7737	
705	2055	1385.36	2690.36	0.127559	10.0422	
755	2055	1173.6	2468.21	0.114647	8.28714	
805	2055	1304.59	2697.98	0.11727	8.09708	
855	2055	1384.87	2480.76	0.141932	8.19591	
905	2055	1439.13	1832.34	0.219543	8.67031	
955	2055	1181.79	2560.93	0.110106	10.6873	
1005	2055	2109.02	3429.77	0.160994	9.48416	
1055	2055	1273.39	2621.76	0.117973	9.93727	
1105	2055	1192.45	2455.84	0.117926	8.78092	
1155	2055	1123.13	2352.86	0.115252	11.0575	
1205	2055	1139.5	2436.6	0.112109	9.71793	
1255	2055	1134.41	2382.35	0.11487	8.99836	
1305	2055	1155.76	2432	0.114564	8.08415	
1355	2055	0	0	-1.#IND	8.13357	
1405	2055	0	0	-1.#IND	7.97962	
1455	2055	0	0	-1.#IND	12.4701	
1505	2055	0	0	-1.#IND	9.3169	
1555	2055	0	0	-1.#IND	8.7642	
1605	2055	0	0	-1.#IND	8.25331	
1655	2055	0	0	-1.#IND	7.9245	
1705	2055	0	0	-1.#IND	8.43463	
1755	2055	0	0	-1.#IND	13.3398	
1805	2055	0	0	-1.#IND	9.15155	
1855	2055	0	0	-1.#IND	12.6065	
5	2105	0	0	-1.#IND	8.92955	
55	2105	0	0	-1.#IND	7.89371	
105	2105	0	0	-1.#IND	12.7597	
155	2105	0	0	-1.#IND	7.89599	
205	2105	1243.86	2767.07	0.106259	10.1471	
255	2105	1188.04	2755.63	0.100375	8.06286	
305	2105	0	0	-1.#IND	8.71174	
355	2105	0	0	-1.#IND	8.48138	
405	2105	0	0	-1.#IND	8.32059	
455	2105	0	0	-1.#IND	10.2729	
505	2105	0	0	-1.#IND	9.20895	
555	2105	0	0	-1.#IND	8.24799	
605	2105	0	0	-1.#IND	8.45211	
655	2105	0	0	-1.#IND	8.12673	
705	2105	0	0	-1.#IND	8.71668	
755	2105	0	0	-1.#IND	8.0488	
805	2105	0	0	-1.#IND	7.87318	
855	2105	0	0	-1.#IND	9.84224	
905	2105	0	0	-1.#IND	9.77229	
955	2105	0	0	-1.#IND	9.09795	
1005	2105	0	0	-1.#IND	7.96631	
1055	2105	0	0	-1.#IND	8.95008	
1105	2105	0	0	-1.#IND	9.61948	
1155	2105	0	0	-1.#IND	10.2991	
1205	2105	0	0	-1.#IND	9.29942	
1255	2105	0	0	-1.#IND	8.83946	
1305	2105	0	0	-1.#IND	10.2315	
1355	2105	0	0	-1.#IND	8.21453	
1405	2105	0	0	-1.#IND	7.92868	
1455	2105	0	0	-1.#IND	8.09251	
1505	2105	0	0	-1.#IND	9.30512	
1555	2105	0	0	-1.#IND	10.9328	
1605	2105	0	0	-1.#IND	7.93324	
1655	2105	0	0	-1.#IND	10.1646	
1705	2105	0	0	-1.#IND	9.99429	
1755	2105	0	0	-1.#IND	9.82893	
1805	2105	0	0	-1.#IND	8.62393	
1855	2105	0	0	-1.#IND	8.02447	
